10

1 4 9 9 3 2 4 7 2 2 7 4 7 9 2 5 6 5 5 1 9 4 3 2 8 2 8 6 3 7 2 3 6 7 2 8 2 4 5 10 6 3 4 5 8 

2249 2884 2064 2566 2393 2633 2583 2981 2589 2971 2611 2558 2953 2451 2355 2048 2035 2180 2692 2953 2733 2105 2839 2138 2141 2309 2226 2477 2889 2395 2317 2009 2367 2158 2246 2301 2377 2963 2073 2649 2265 2544 2286 2223 2428 

4 1 50

7 3 98

3 10 60

8 6 82

5 1 90

3 6 52

6 1 81

2 4 81

7 8 63

5 1 86

3 2 62

1 5 88

6 8 84

8 5 85

2 7 67

3 5 79

5 10 88

9 8 87

5 9 72

9 5 61

5 1 77

8 2 64

1 5 95

4 9 82

1 7 77

3 1 78

6 5 73

4 6 91

6 10 93

4 6 59

7 6 54

9 10 94

6 7 96

9 8 65

3 5 79

4 6 58

8 6 73

10 1 82

9 7 60

6 4 96

2 4 66

9 3 79

7 6 52

8 9 92

1 2 62

3 2 92

6 10 85

6 10 92

1 8 100

5 6 52

8 4 53

9 8 90

1 9 92

8 4 64

10 2 79

10 3 84

4 5 95

7 8 71

2 9 91

5 9 75

8 2 71

3 6 90

3 5 62

4 1 66

4 5 85

3 2 55

7 5 53

8 6 88

5 7 76

4 8 61

7 3 90

5 9 71

3 10 83

2 5 86

9 5 86

2 8 92

1 3 99

1 8 58

9 8 86

4 3 87

2 10 78

3 2 84

6 2 55

10 4 82

1 3 98

9 3 81

5 6 92

3 8 72

1 10 60

5 7 95

3 6 83

9 8 66

5 4 58

10 8 98

3 5 58

1 2 64

10 4 80

2 4 63

3 8 75

4 6 55

10 4 75

8 1 63

6 5 57

2 3 74

2 1 64

3 9 60

7 2 87

9 5 72

5 10 90

7 1 94

3 5 85

5 7 83

6 4 56

3 9 72

2 6 53

5 4 61

4 8 56

9 4 69

8 6 87

5 9 98

10 9 76

7 2 79

5 8 52

7 2 87

4 2 67

3 10 67

7 10 96

1 3 86

7 10 79

8 2 62

3 5 91

10 8 85

3 7 54

9 4 69

1 6 61

10 5 52

7 10 74

4 2 81

4 2 78

8 6 63

3 9 96

5 6 61

5 2 56

2 6 77

4 3 50

10 4 91

4 10 74

4 8 72

8 5 68

8 1 90

2 8 56

2 5 97

2 1 88

1 6 51

2 1 81

2 1 89

8 2 70

9 8 96

2 8 66

2 3 67

7 8 61

2 3 97

2 5 60

10 5 89

10 8 64

6 8 78

1 7 55

5 7 91

7 1 74

3 6 91

5 1 72

10 8 98

9 3 90

9 6 93

5 3 87

10 2 86

9 6 96

1 9 75

1 6 68

4 9 51

3 5 71

8 3 81

7 9 95

5 4 76

3 5 79

4 1 79

5 6 78

7 6 67

4 8 74

6 7 87

7 10 95

9 1 81

5 4 70

6 10 72

10 8 72

7 2 89

10 9 52

5 7 89

5 3 69

3 8 83

6 4 67

4 6 84

7 10 82

3 4 56

2 9 55

8 9 65

3 6 68

8 2 87

4 1 83

10 9 84

9 2 77

4 1 56

3 6 63

7 6 96

10 2 86

7 10 71

3 8 93

2 8 82

6 3 98

7 3 90

5 7 88

8 10 63

9 7 79

10 9 60

9 1 67

7 3 60

8 10 79

7 4 54

4 3 70

3 8 58

9 6 63

1 9 56

9 5 99

2 5 82

6 5 58

9 8 83

2 5 93

9 7 98

8 6 53

6 8 60

5 9 68

3 2 58

9 3 60

10 5 62

9 5 91

8 9 83

3 4 53

4 6 80

7 4 79

3 9 80

3 9 62

3 1 67

4 1 50

3 9 84

2 6 67

8 10 92

9 6 67

4 10 63

9 8 84

9 10 83

4 9 86

1 8 94

1 9 67

7 8 94

5 1 75

4 7 64

10 8 88

1 3 73

4 3 61

1 10 82

8 6 77

9 3 99

9 1 74

4 5 77

8 4 90

2 1 75

6 2 76

4 3 94

2 5 95

9 4 62

10 3 87

2 5 73

5 7 59

8 4 85

4 9 78

4 1 61

10 8 83

4 10 93

8 5 53

4 7 92

5 1 73

2 9 59

6 1 97

4 10 70

4 2 73

4 9 89

6 1 58

3 2 50

8 4 69

4 10 55

9 4 100

2 5 78

8 7 70

6 4 80

1 2 100

1 7 86

1 6 60

10 5 59

5 4 84

10 6 80

5 9 89

4 10 83

3 6 52

6 3 84

7 10 76

9 4 63

5 3 70

4 3 55

9 5 61

6 9 80

7 9 97

1 4 98

7 1 75

6 4 95

4 6 87

6 1 58

2 5 60

6 9 88

9 5 89

1 2 87

3 7 99

2 6 56

5 2 66

8 7 69

6 5 98

10 2 76

4 8 59

1 3 88

2 1 76

3 5 52

3 10 93

9 5 74

3 5 78

7 8 84

9 8 73

2 4 100

3 10 78

5 9 99

2 4 56

8 10 63

6 9 100

7 8 92

3 4 86

5 8 90

2 1 65

4 6 53

10 2 66

6 4 65

8 3 53

6 10 57

9 3 62

5 7 69

1 3 52

6 2 67

7 8 68

4 5 62

7 5 73

5 6 98

9 10 72

8 9 93

10 9 59

2 8 51

2 9 79

10 1 87

6 7 67

5 1 58

4 3 93

6 7 99

9 7 89

6 1 86

2 7 83

7 6 82

8 2 60

10 8 72

6 4 52

6 9 72

8 10 84

7 2 81

5 9 80

1 7 84

9 2 64

6 1 97

2 8 55

4 7 68

1 6 82

3 8 60

8 1 82

3 5 80

2 5 68

6 4 99

10 5 52

2 5 86

7 9 79

4 3 52

2 9 88

7 10 82

9 6 97

1 5 91

10 4 54

1 10 87

7 10 56

5 4 71

10 6 90

6 1 65

6 3 80

8 9 63

5 6 80

2 9 84

4 9 94

6 10 93

1 7 86

10 8 100

4 2 67

3 7 95

10 9 94

5 2 100

6 5 62

2 10 61

1 6 65

9 10 50

2 9 79

3 9 76

9 8 79

9 1 95

7 2 77

10 9 92

2 7 64

9 3 69

5 7 96

1 5 58

2 1 51

7 6 62

3 5 51

7 1 81

10 5 87

3 1 52

4 8 61

7 2 92

3 4 66

7 10 74

2 1 57

7 9 57

3 1 53

7 3 64

8 9 54

10 7 79

10 8 72

4 6 92

2 6 63

5 2 61

6 4 66

10 9 92

8 9 91

3 5 70

2 4 88

7 10 66

7 2 94

2 10 75

6 5 76

10 6 91

4 3 74

3 8 78

3 4 72

6 8 70

4 1 79

3 1 80

5 7 65

4 7 55

8 7 83

8 1 50

8 3 92

9 7 90

2 9 50

3 1 67

2 7 78

1 4 52

7 10 75

2 10 86

2 1 68

6 1 75

9 10 88

5 4 61

2 1 61

10 1 54

1 4 65

1 6 53

6 2 94

9 2 75

9 3 56

10 1 53

6 8 56

1 2 80

1 8 78

1 7 53

7 8 75

3 6 92

7 6 93

10 4 75

2 1 78

2 8 75

3 2 50

2 10 86

10 9 61

9 1 65

2 5 61

1 4 98

5 10 93

2 6 59

4 1 51

6 9 68

9 2 93

1 3 55

5 6 81

5 7 59

8 4 96

5 3 67

10 4 98

7 2 50

5 3 63

4 3 74

2 1 59

4 9 94

2 9 54

4 6 94

1 2 92

7 5 54

2 5 63

10 5 87

5 9 71

6 5 94

8 4 96

5 10 92

2 6 95

10 8 97

5 1 53

5 2 57

8 2 75

8 7 91

6 9 63

6 8 60

5 7 84

5 10 59

1 6 56

4 10 77

8 1 66

4 2 65

7 6 89

1 9 69

5 1 99

5 1 80

8 7 92

10 8 86

10 8 61

8 5 75

6 7 63

10 4 88

9 4 50

2 1 98

8 5 67

4 5 83

2 5 81

1 2 72

5 10 69

7 1 71

3 7 93

1 5 98

9 5 53

1 7 75

4 10 92

3 2 59

3 1 55

8 10 99

7 6 58

8 2 61

9 7 93

6 4 73

1 4 89

5 3 87

1 9 50

8 6 97

9 6 71

6 5 97

5 9 51

4 8 100

10 5 58

7 10 51

9 1 78

8 5 75

1 9 58

9 6 63

4 8 74

7 2 91

5 7 75

3 6 75

10 7 65

5 8 74

4 5 65

7 2 85

4 8 93

10 3 76

6 1 75

8 4 62

5 2 58

9 1 75

5 6 63

4 6 97

9 3 87

2 4 78

2 8 52

6 5 59

9 8 51

10 1 98

3 9 55

5 9 100

9 8 83

2 9 53

9 1 57

2 9 70

3 7 88

2 1 92

1 4 88

4 3 72

8 6 73

1 9 63

8 10 75

6 8 64

7 3 51

3 10 77

7 5 73

7 10 58

9 7 86

4 10 75

8 7 100

3 1 71

10 8 77

10 7 91

10 6 59

4 1 91

9 7 54

7 4 51

3 1 94

3 1 95

7 8 88

9 4 51

6 5 68

2 9 94

10 2 69

8 5 82

6 2 60

6 10 53

6 10 84

9 10 69

5 8 60

9 2 97

5 10 56

10 2 50

10 4 97

8 10 89

9 3 99

7 9 78

1 10 85

2 1 84

10 1 86

3 5 94

2 8 51

10 7 67

10 2 63

4 10 73

1 2 92

6 9 70

3 4 84

2 4 53

1 9 81

5 2 81

6 10 54

3 8 99

5 6 70

7 3 78

5 6 70

6 5 78

10 7 60

9 1 64

8 4 74

9 6 77

2 1 51

1 8 91

9 3 79

1 5 89

1 9 82

7 5 88

8 7 91

6 10 94

10 1 76

5 6 67

6 9 76

6 10 81

6 2 97

2 4 97

4 1 84

7 4 61

9 7 98

4 7 84

10 4 79

9 6 53

5 7 90

3 9 85

10 4 94

5 1 66

9 8 77

4 10 83

8 6 61

6 1 100

8 10 57

8 7 50

1 8 92

5 9 69

2 7 56

10 2 59

8 5 77

9 6 67

4 6 78

7 4 96

8 2 57

2 7 74

5 8 69

6 3 82

3 2 98

6 7 97

6 7 53

7 1 54

8 9 88

3 4 70

4 6 89

10 9 56

4 1 92

9 6 95

3 10 94

9 2 68

8 5 81

10 6 67

1 3 66

6 1 81

6 7 70

6 9 65

5 1 94

2 4 89

2 3 77

4 10 68

6 9 93

4 1 82

1 2 81

8 3 68

1 7 66

8 4 52

9 8 77

9 8 50

4 5 71

3 8 72

8 3 94

1 6 93

3 7 93

6 2 51

9 5 54

4 7 51

5 10 52

10 7 78

7 6 66

2 8 83

7 3 91

9 6 59

6 4 58

9 5 100

9 2 61

5 2 71

2 4 100

7 2 97

5 7 82

5 3 74

9 2 98

8 3 53

6 9 91

10 3 69

7 2 82

2 3 58

9 4 63

3 7 95

7 2 89

3 6 76

6 2 74

6 3 77

2 4 56

8 4 73

5 6 76

5 2 78

6 3 79

2 1 65

4 5 98

1 6 75

2 5 64

1 10 54

10 4 57

1 8 63

8 6 67

10 9 99

5 1 97

6 4 97

1 10 51

4 1 74

6 3 93

2 8 86

4 7 82

9 1 94

2 8 94

9 8 87

10 4 80

10 8 95

4 5 60

3 7 76

7 6 60

9 7 91

2 1 81

2 8 63

1 10 67

3 4 96

9 8 92

10 5 54

2 3 65

5 6 91

1 10 54

6 1 82

4 8 93

2 1 70

5 2 72

8 9 87

7 5 97

6 1 80

4 10 82

4 1 71

3 1 85

8 2 70

6 3 78

2 4 61

9 3 90

6 2 86

8 3 88

3 1 82

8 5 94

1 8 51

1 2 89

4 1 75

7 3 83

7 2 77

3 4 97

5 10 78

4 10 82

5 9 63

2 1 79

10 1 59

2 4 71

3 9 93

1 4 74

2 4 64

4 6 55

1 6 90

3 1 100

4 7 58

10 9 76

5 10 66

10 6 95

1 2 94

2 6 89

2 10 56

9 1 94

9 7 53

6 5 92

7 9 64

2 3 57

6 1 64

6 7 84

10 1 90

7 4 59

10 7 71

7 2 81

2 8 67

10 7 74

10 3 99

9 4 90

1 10 91

3 9 66

7 6 90

9 7 51

6 8 58

8 7 71

6 10 76

8 9 96

7 5 92

2 4 92

8 4 57

5 9 85

3 10 95

1 5 69

5 3 88

8 4 71

8 9 97

1 7 50

4 7 52

4 5 88

6 3 83

3 7 94

5 9 88

1 9 80

3 4 97

1 8 80

3 7 80

9 5 81

9 4 61

2 1 78

7 8 78

10 3 80

6 10 55

5 1 94

4 7 63

1 4 83

10 1 70

1 9 62

1 2 82

9 3 87

3 1 57

9 7 67

6 7 68

3 1 55

10 3 54

9 4 83

1 7 75

7 9 80

2 10 66

6 3 69

4 3 54

4 6 74

4 5 68

7 1 90

8 9 52

8 2 67

3 9 72

2 5 57

9 1 85

9 7 80

5 9 76

4 10 81

3 5 51

4 3 78

1 6 65

10 6 55

2 5 74

3 8 54

8 1 55

3 7 88

3 1 84

4 5 67

6 3 84

5 2 98

3 6 56

9 4 78

10 8 67

4 2 89

7 1 93

3 6 59

7 1 87

9 6 57

9 6 89

10 2 71

3 7 100

8 10 78

7 6 74

4 3 95

3 5 55

9 7 52

8 10 88

9 6 94

10 1 84

4 6 91

10 7 79

6 4 90

4 5 67

4 1 63

10 3 65

7 3 62

7 9 69

10 2 81

6 5 100

