10

5 7 7 10 1 7 9 2 2 6 7 10 5 10 7 8 7 4 5 10 1 5 1 2 9 5 7 2 4 5 9 1 7 10 9 8 2 6 9 9 1 10 3 9 8 

3297 3731 4998 3667 3659 3604 3701 4672 3213 3619 4817 4040 3771 3308 3844 3881 3293 3336 3698 4460 4511 3806 4894 3286 4043 4277 3300 4390 3540 3913 3629 3191 3257 3038 4600 4787 4583 3110 3828 4116 3788 4831 3182 4726 4273 

4 8 73

10 8 50

3 6 74

3 8 92

2 8 65

9 7 71

5 4 100

9 7 61

6 8 57

8 10 62

5 6 87

9 2 68

3 9 67

10 9 57

6 8 78

5 10 98

8 6 73

10 1 62

3 1 54

8 5 96

9 6 87

4 2 55

5 9 85

10 4 97

3 7 79

10 2 82

7 1 64

4 7 57

4 10 82

5 3 90

1 7 81

5 2 58

1 6 51

2 8 79

2 3 61

2 6 75

2 4 84

5 7 69

6 5 81

2 7 78

4 5 87

5 3 79

9 4 55

7 2 83

6 2 86

5 4 98

9 7 94

10 5 74

3 10 67

4 7 62

10 6 69

5 6 94

2 5 55

2 6 51

3 7 72

10 1 87

9 4 79

4 5 95

3 8 78

8 5 54

7 3 100

9 5 57

2 3 66

6 9 68

8 7 67

9 1 74

1 8 76

10 1 65

4 2 87

2 7 95

9 8 70

7 9 51

8 7 88

4 8 95

8 2 95

2 10 59

10 1 85

1 7 93

4 2 92

3 5 73

9 5 68

2 1 96

9 1 92

6 9 80

2 3 73

4 7 62

8 4 58

8 7 90

7 8 65

10 3 87

10 9 64

5 3 69

3 6 90

6 7 96

2 7 55

6 2 94

6 9 65

9 2 57

3 4 64

10 7 60

6 5 84

6 2 91

5 1 93

2 4 57

7 9 79

6 9 73

10 8 77

10 5 57

2 9 98

1 9 57

8 1 59

6 9 75

5 2 82

5 4 100

1 5 82

3 2 95

9 5 66

9 6 90

5 3 54

7 5 66

1 5 68

8 2 95

1 8 74

1 7 54

5 4 65

7 2 97

9 2 51

8 9 61

8 5 84

5 4 62

9 5 62

10 7 66

4 5 55

6 3 89

9 6 76

8 4 80

10 6 60

3 4 62

9 7 56

2 3 56

7 9 62

3 7 57

1 9 99

9 6 58

7 2 88

9 10 96

7 6 73

4 3 65

6 4 82

1 6 95

8 1 52

2 5 54

7 4 100

5 4 86

10 2 95

3 7 100

9 4 91

4 10 58

3 1 64

7 9 84

7 9 69

9 10 87

5 9 58

10 1 74

10 6 78

5 9 95

2 9 84

1 9 94

9 8 87

6 7 66

10 9 75

9 10 74

9 7 63

6 1 59

5 8 60

2 6 98

2 10 59

9 1 54

4 7 87

6 2 68

1 10 79

7 5 65

4 5 81

5 8 73

5 3 91

10 2 84

6 2 93

6 10 97

9 6 51

7 3 83

2 8 78

1 2 71

2 8 87

8 1 91

8 5 82

4 8 95

10 6 83

2 10 63

5 9 51

9 1 82

2 7 57

7 2 88

9 2 84

1 7 80

3 7 94

10 9 64

5 1 58

3 5 67

10 7 86

7 4 81

9 3 81

10 7 54

4 6 53

7 2 98

10 1 81

4 10 52

4 10 81

8 6 74

8 5 89

1 4 70

7 9 69

3 2 54

1 10 76

8 3 55

9 2 100

9 5 98

9 1 89

2 10 68

6 7 60

7 10 90

2 5 83

6 5 100

4 8 87

1 10 64

3 9 100

9 8 75

4 3 64

6 7 98

4 10 80

9 3 79

5 3 75

1 7 91

2 6 89

1 10 57

7 9 88

4 7 78

10 8 69

4 5 79

2 7 87

2 10 55

7 1 81

2 10 86

6 9 53

1 9 58

10 3 90

3 7 78

5 3 73

4 7 72

2 1 94

2 6 84

3 1 52

9 8 97

3 9 80

7 3 55

6 10 90

6 4 60

9 8 74

4 7 90

3 5 93

5 6 66

9 8 66

5 4 95

2 10 72

4 7 81

4 2 80

3 7 66

4 5 100

7 5 87

7 2 84

5 9 65

2 6 72

2 4 59

1 10 96

1 2 56

2 5 77

3 8 81

6 4 50

3 7 69

9 4 83

8 5 59

5 6 95

4 3 100

6 8 53

9 1 98

1 3 63

8 7 98

8 9 78

10 2 92

3 5 53

3 6 60

10 1 69

1 8 85

6 3 88

5 10 67

4 1 87

10 7 60

4 3 77

10 6 52

10 1 96

7 8 63

1 3 59

6 10 59

7 5 90

9 5 56

4 1 69

6 3 63

1 2 70

9 1 99

10 6 66

2 3 80

10 6 83

8 1 65

5 7 57

7 9 87

5 3 73

1 7 62

5 9 95

1 6 54

1 4 85

2 7 98

2 5 52

6 1 86

9 8 89

4 6 95

8 6 88

9 6 50

6 7 79

5 8 65

10 7 75

7 4 65

4 10 72

1 8 85

4 7 73

4 5 55

9 10 53

10 3 87

1 10 66

9 4 84

1 6 65

5 4 86

6 3 95

10 5 94

5 6 65

2 9 72

5 7 97

6 7 86

3 7 98

7 1 84

6 1 64

7 8 73

9 6 61

5 1 50

6 8 76

4 1 77

7 5 58

8 5 58

1 9 100

2 7 58

6 10 69

2 6 73

1 2 75

1 5 84

6 5 50

1 8 51

5 9 62

9 7 76

8 4 56

1 7 69

10 7 90

3 10 76

5 8 96

1 2 77

8 5 81

4 5 97

10 1 54

8 6 85

3 1 87

3 7 84

10 5 55

5 9 95

5 1 55

6 9 91

9 7 72

3 10 83

1 2 81

1 3 74

1 2 82

2 8 78

1 10 71

3 6 57

6 9 62

6 4 100

1 6 61

1 8 71

8 6 82

7 9 73

7 9 91

3 4 92

4 7 79

7 3 83

8 2 72

1 9 53

6 4 93

10 8 88

4 3 56

9 3 85

3 9 57

1 7 92

5 4 59

3 8 68

6 5 95

7 8 99

10 4 85

4 6 93

10 5 56

6 9 54

4 1 99

9 8 74

10 9 91

6 3 65

7 10 90

3 8 78

6 10 89

4 6 58

7 9 84

1 4 68

8 1 59

9 6 51

2 3 53

3 6 53

2 6 95

4 8 90

10 6 61

10 8 58

7 9 54

9 7 64

1 9 76

3 9 96

8 10 67

10 2 50

10 6 63

3 1 73

9 1 70

2 8 67

9 5 91

8 10 73

1 3 68

9 4 53

9 2 80

1 10 98

9 4 82

10 5 52

10 5 74

7 6 92

9 7 61

3 5 74

9 4 80

9 1 100

5 9 100

6 7 82

7 5 87

7 3 93

10 9 84

9 8 55

1 3 82

4 1 72

10 4 93

1 8 91

8 1 60

7 5 75

4 10 100

9 6 65

8 4 56

7 10 73

6 2 55

5 10 98

6 3 89

3 5 56

5 2 86

6 7 69

3 2 58

3 8 85

1 5 79

4 10 100

8 10 78

3 9 64

7 9 52

5 7 76

3 7 56

7 8 89

7 9 63

7 10 79

2 5 77

3 2 69

8 7 79

6 4 52

5 6 70

8 10 100

8 6 84

6 2 93

1 2 54

8 10 82

10 8 92

6 10 93

2 10 84

9 4 68

2 3 90

10 7 74

4 5 85

3 6 86

8 5 93

7 1 70

7 6 53

3 7 55

10 5 67

2 1 60

5 7 55

10 8 59

5 2 100

10 2 51

6 8 81

2 9 85

8 6 96

5 8 55

10 9 52

3 5 99

1 8 76

2 1 91

8 9 73

7 5 92

4 1 71

6 7 56

10 6 65

10 1 93

8 3 74

1 5 95

5 2 59

9 4 74

8 5 55

3 9 55

9 5 64

3 9 64

7 6 67

5 10 71

8 1 79

2 10 91

7 4 68

2 8 54

8 9 52

7 1 51

6 8 89

10 9 67

5 7 52

3 10 70

10 3 97

9 1 57

5 10 61

5 2 67

1 5 83

5 8 94

8 2 61

3 7 58

2 10 66

10 9 80

10 8 55

2 8 58

2 5 53

2 7 62

3 9 94

8 9 87

8 3 79

6 2 99

2 1 89

9 6 64

4 10 85

9 1 77

1 10 72

4 5 57

4 9 78

9 2 85

4 3 85

1 10 77

8 2 90

6 7 50

2 6 84

8 9 72

7 2 77

5 3 84

5 10 100

2 10 53

2 9 64

5 10 94

8 5 79

2 6 94

4 9 63

9 5 56

2 4 88

4 10 100

2 8 52

5 2 81

6 1 97

5 7 86

4 2 90

7 9 58

4 1 59

10 5 76

7 5 50

6 10 71

9 4 74

8 1 68

6 4 79

4 5 83

5 6 52

9 2 71

6 2 99

10 8 87

9 3 51

2 9 53

5 3 90

4 1 100

3 4 99

5 1 63

8 4 54

2 1 94

10 1 84

1 7 81

6 4 51

8 2 51

7 6 79

1 5 95

9 3 73

10 5 50

6 8 51

7 5 64

3 9 93

2 5 67

10 5 62

10 6 93

2 9 56

6 10 50

1 8 99

7 2 96

8 3 92

1 7 98

6 4 79

5 3 75

1 8 94

7 2 84

5 9 67

7 1 93

7 9 65

8 7 51

7 5 61

2 3 90

8 7 50

3 10 77

1 8 95

5 1 90

3 8 86

1 7 75

10 9 51

9 3 59

7 8 73

7 1 98

1 7 51

10 1 97

3 9 74

8 1 91

1 6 88

7 6 75

7 10 93

2 7 91

2 7 74

1 9 63

2 10 54

3 10 95

6 3 91

6 5 69

2 5 66

10 4 52

10 4 72

10 1 55

8 4 99

1 5 86

3 6 76

7 2 86

7 8 84

7 5 55

3 6 62

1 10 59

2 3 95

10 3 58

10 2 93

7 9 64

10 9 88

10 9 95

3 7 99

3 7 52

4 2 58

7 8 96

4 5 84

7 3 55

2 9 84

7 9 68

9 10 71

8 4 81

3 8 52

6 7 59

2 8 94

1 6 86

6 4 89

7 3 100

6 9 51

7 10 79

8 5 51

10 3 77

5 6 69

3 8 91

10 9 84

5 1 77

4 10 73

9 6 94

1 2 100

4 2 67

10 3 67

8 4 68

8 7 61

10 4 83

4 6 90

10 8 55

7 9 60

6 3 91

9 10 63

5 7 63

5 4 64

9 5 77

3 8 95

8 5 88

7 5 57

3 4 66

7 9 83

10 8 85

2 1 90

1 4 50

7 10 57

5 6 88

5 7 80

5 7 100

7 2 82

1 6 53

1 10 83

7 10 96

8 4 72

8 2 95

1 7 51

10 9 85

10 4 69

6 1 53

4 2 84

1 3 62

2 10 97

10 6 100

1 4 75

4 1 74

2 3 86

5 3 80

7 9 76

6 4 64

5 10 93

1 10 75

4 2 77

7 3 53

5 8 95

6 3 65

1 6 56

8 6 60

4 3 86

5 4 78

5 10 58

4 1 53

4 5 97

8 3 67

10 8 55

4 7 94

5 1 58

8 3 73

4 7 66

8 10 88

7 3 65

4 7 50

2 5 86

10 1 55

4 3 99

6 8 55

8 2 81

7 5 89

7 9 72

3 2 51

7 9 55

5 9 66

2 7 64

5 10 79

1 6 74

1 8 68

1 10 91

9 4 92

7 10 60

4 7 66

1 4 97

9 4 68

3 10 75

5 6 74

5 8 99

6 1 69

3 8 91

10 9 61

9 6 83

1 4 52

2 10 63

8 1 93

4 8 91

3 7 99

10 3 59

9 5 78

8 3 57

8 7 90

1 6 59

8 9 57

9 6 81

1 9 68

3 2 95

5 10 56

7 3 97

7 10 51

6 4 96

4 3 79

9 10 86

6 5 56

9 3 90

1 6 95

6 8 53

6 2 95

5 9 50

9 8 78

7 8 85

9 10 59

7 3 75

3 7 63

5 3 54

5 6 64

7 2 83

7 10 78

4 7 67

3 5 61

8 3 76

6 4 63

1 7 59

7 6 64

7 5 99

10 4 67

9 7 60

1 5 62

2 6 83

2 8 75

7 2 94

2 4 100

8 10 95

1 10 88

8 2 59

1 6 54

5 7 69

9 3 77

10 9 89

8 6 61

2 5 61

7 4 84

7 4 80

2 10 81

9 8 98

2 8 59

2 6 51

3 10 67

5 4 60

1 5 72

8 6 50

9 2 61

9 3 64

5 8 100

10 8 79

1 7 68

3 1 66

2 5 61

2 4 75

2 10 60

6 10 70

4 2 58

7 2 67

3 9 69

5 1 83

7 9 90

1 6 54

1 6 82

10 1 99

8 6 50

2 3 98

3 8 79

10 7 77

4 2 51

2 9 55

4 6 82

3 1 71

2 3 89

8 7 59

1 2 56

7 9 60

4 1 53

9 5 89

6 10 90

1 9 66

3 8 79

1 7 57

8 2 81

3 8 63

3 8 69

6 3 50

8 1 89

1 7 79

9 6 86

5 1 53

3 6 84

2 8 76

6 9 83

1 10 59

2 9 67

8 1 72

4 1 66

1 4 99

7 2 62

10 3 94

9 4 56

2 4 71

8 7 82

9 8 92

8 5 98

7 1 80

9 2 98

4 7 89

10 3 60

7 8 78

6 10 50

4 9 87

10 5 83

9 3 69

8 4 57

9 3 69

5 1 56

5 6 80

5 8 100

4 10 76

1 2 100

3 6 84

8 5 84

7 8 84

3 6 71

2 10 94

5 9 68

3 8 53

7 8 72

7 5 73

5 10 73

1 3 72

10 7 51

8 3 58

1 7 67

10 9 79

6 8 51

5 9 81

1 8 73

7 3 82

5 8 79

4 7 97

10 7 82

10 4 89

8 10 56

6 2 56

9 2 54

1 5 90

3 9 58

5 2 73

3 9 89

