10

4 3 8 5 3 2 4 9 10 4 5 7 1 7 1 5 10 1 5 7 9 6 5 10 6 1 9 3 2 3 10 6 7 1 1 5 1 5 6 2 4 3 1 6 10 

2964 2952 3194 3181 2789 3631 3618 2620 3253 2404 2716 2599 3606 2946 2748 3415 2361 3502 3634 3026 2709 3569 2324 2704 3249 2374 2255 3620 3620 3194 3648 2846 3236 3081 2491 2810 3189 3272 3731 2384 2902 2740 3311 2462 2884 

8 3 69

7 1 85

5 2 93

9 1 93

7 10 80

3 7 77

7 6 81

3 8 62

5 9 50

5 10 62

7 8 67

8 3 88

8 1 87

6 8 58

4 2 83

8 2 79

1 9 63

3 10 62

2 6 87

1 3 77

5 8 67

3 6 92

3 5 53

2 7 90

6 9 91

8 1 81

4 6 78

6 7 83

3 8 84

2 8 67

4 10 97

6 4 55

5 6 65

1 5 82

3 10 89

9 7 69

8 2 52

3 6 80

8 4 87

5 1 56

3 4 74

5 6 67

8 2 55

2 6 64

3 1 65

10 5 54

8 2 86

6 10 94

10 9 64

5 8 73

5 8 72

5 7 90

9 7 99

8 6 57

1 5 97

6 10 57

1 4 66

8 4 93

2 4 92

2 7 70

10 8 100

5 2 87

9 5 72

4 5 98

7 8 52

3 7 74

8 10 72

5 2 97

5 1 83

6 8 97

1 6 87

8 2 73

3 2 71

7 1 85

1 5 84

8 9 56

10 3 71

7 1 92

1 5 74

10 4 79

1 5 94

7 9 87

4 6 87

6 1 88

9 10 66

9 3 60

5 9 99

10 5 92

8 3 65

3 4 56

9 7 92

5 3 59

3 9 89

10 5 86

2 6 52

7 6 89

7 10 73

9 4 87

2 5 66

9 8 76

4 3 80

2 8 56

6 3 88

10 3 86

5 4 95

7 10 94

3 1 74

9 5 87

6 4 79

8 5 77

8 7 54

8 5 91

8 6 72

9 7 79

2 5 87

4 9 99

8 9 52

4 2 57

7 5 65

8 5 67

4 6 70

8 7 50

9 4 76

2 7 92

10 5 90

8 4 94

8 1 91

1 8 73

2 7 66

1 2 72

1 3 95

5 3 75

9 7 99

4 2 59

9 1 82

4 5 97

7 10 99

8 1 59

6 4 58

9 4 63

5 7 63

5 7 71

5 10 81

5 9 68

7 5 71

1 2 58

8 5 73

3 9 71

2 1 95

2 7 55

8 10 86

3 7 59

8 6 100

7 1 50

7 2 94

2 5 80

9 6 69

6 5 60

8 7 78

1 5 97

6 5 57

9 10 66

8 4 66

8 6 51

3 10 58

7 5 88

10 5 81

9 7 53

5 7 50

1 5 62

6 5 87

5 4 76

4 5 89

9 5 63

2 1 53

7 2 81

2 8 60

3 2 67

7 10 71

1 6 99

1 7 64

4 9 52

8 9 65

5 10 94

10 4 52

7 4 75

8 5 68

7 3 65

8 9 76

3 6 76

1 3 64

4 9 96

2 8 82

10 7 93

2 7 61

4 7 90

4 7 75

9 5 99

5 7 73

7 8 53

7 3 59

5 4 85

6 10 63

8 7 81

2 7 93

2 7 62

9 10 53

5 8 89

8 2 79

4 5 96

6 7 92

3 4 99

5 9 93

8 4 61

3 4 79

4 2 68

1 2 96

6 5 59

1 7 99

1 2 88

5 7 58

2 6 96

5 4 84

9 6 87

10 3 69

10 5 84

10 9 66

10 8 59

7 6 69

10 6 88

7 1 89

9 6 70

5 6 93

9 5 66

3 6 68

9 1 53

5 7 83

7 3 93

5 9 62

7 4 60

7 6 88

2 8 55

10 5 65

7 5 67

8 2 57

5 2 91

10 2 60

7 6 73

2 6 73

3 2 67

10 6 84

2 6 86

1 6 88

3 6 57

6 9 66

3 2 91

1 6 72

2 7 60

6 4 84

9 3 72

7 1 78

3 10 82

4 10 79

9 10 63

5 9 69

9 5 57

2 8 60

1 3 86

7 5 81

5 4 77

5 8 86

10 5 90

2 10 83

3 8 86

4 2 53

1 2 93

1 10 58

5 3 75

9 4 84

4 10 64

6 1 81

4 8 54

8 6 86

4 9 71

5 6 97

1 3 52

9 5 50

10 3 54

2 5 85

9 8 59

10 3 64

7 3 81

1 4 71

9 1 67

5 3 80

2 5 78

2 10 96

6 7 72

8 5 55

3 6 88

5 9 69

9 1 83

8 2 56

7 3 55

3 4 56

7 4 92

5 3 60

6 5 86

5 3 58

10 8 76

7 4 54

2 5 100

4 7 78

1 5 72

2 6 87

5 10 88

7 6 95

8 3 92

7 9 95

4 8 55

3 7 98

1 6 75

1 5 79

4 10 59

9 1 62

9 8 100

2 10 51

5 9 68

3 1 64

2 7 88

2 8 100

4 1 65

6 4 99

5 6 62

7 9 56

7 2 80

1 4 68

7 5 91

5 3 75

1 6 99

9 2 56

4 6 82

8 5 91

9 8 53

6 3 99

3 6 69

7 4 86

5 9 86

4 6 78

4 9 73

9 8 69

10 6 77

1 4 67

2 1 76

2 4 80

6 9 69

2 6 51

7 9 63

4 2 54

1 5 88

9 8 64

2 7 83

6 7 97

10 2 72

3 8 87

10 9 54

5 3 75

4 6 56

7 6 63

8 1 59

5 7 88

10 7 72

2 6 83

2 7 55

9 7 84

8 7 64

6 10 53

2 5 90

6 9 73

8 4 99

7 8 51

1 7 84

8 2 55

1 8 77

10 7 68

5 3 50

2 9 93

3 7 82

9 1 56

6 2 71

4 2 83

8 3 76

9 7 70

9 5 78

7 8 78

1 4 81

6 2 98

5 9 51

5 2 76

2 7 100

1 9 95

10 7 83

10 4 95

10 5 81

4 5 93

7 9 62

2 5 60

2 5 53

10 6 85

9 8 67

10 1 55

3 4 79

5 8 68

9 6 93

7 10 73

1 9 74

1 6 100

9 8 88

1 3 94

1 6 76

9 10 54

8 3 54

3 4 57

3 8 90

10 7 95

6 9 93

5 1 59

5 9 84

1 6 61

7 9 74

1 10 94

7 1 78

2 7 83

3 10 57

4 8 56

3 9 88

2 9 73

2 1 84

5 6 94

7 6 60

10 5 51

4 6 63

9 10 93

6 1 76

9 3 94

6 1 95

10 1 81

2 8 58

4 8 95

2 7 89

6 9 59

6 1 59

2 5 78

6 10 87

1 10 55

6 7 56

7 10 66

4 1 74

8 7 65

5 6 89

3 4 93

6 9 84

7 5 86

10 1 98

6 4 60

8 7 66

3 5 66

10 4 96

9 5 80

1 4 74

9 7 62

5 8 85

2 6 74

2 7 95

2 7 51

8 2 98

9 4 73

4 2 65

7 2 97

2 10 95

10 1 57

2 8 74

6 2 83

10 9 73

1 7 64

7 8 57

5 4 85

10 5 88

6 4 67

5 8 80

1 8 87

2 5 89

6 9 72

10 7 51

9 5 61

4 5 92

9 10 80

9 3 86

3 5 74

5 3 51

1 3 83

1 3 67

10 2 97

8 2 90

4 7 58

7 3 95

5 1 100

7 3 85

7 1 78

2 8 63

6 9 66

8 9 70

6 4 68

1 6 99

1 9 83

5 2 53

1 4 70

6 4 58

2 4 85

3 2 59

2 1 85

3 2 63

4 8 67

7 2 79

9 2 93

3 10 78

9 2 91

3 9 52

1 10 94

3 1 69

2 1 66

5 6 76

10 6 72

10 2 72

6 3 74

3 8 89

3 1 77

2 3 50

3 10 65

7 5 60

1 2 89

8 3 99

5 2 81

6 2 67

10 1 91

2 1 70

3 6 98

3 2 59

1 8 91

6 7 86

4 3 68

6 1 98

2 7 92

4 10 55

2 10 51

5 6 70

1 10 91

1 3 60

2 9 79

8 1 82

2 5 99

10 3 97

4 2 65

4 8 78

7 9 75

8 2 61

10 4 72

10 1 50

5 3 66

1 4 80

10 2 83

8 5 53

7 4 89

6 9 69

2 5 94

9 1 72

10 1 65

8 5 90

8 1 54

6 2 53

5 1 53

1 2 74

9 1 82

3 4 68

1 2 60

1 4 55

7 9 98

2 3 67

7 10 79

1 4 59

1 3 55

8 1 96

10 7 67

6 10 56

10 6 87

3 9 53

4 8 56

5 7 55

9 6 76

3 7 86

6 10 83

8 3 78

4 9 50

4 8 76

5 8 82

5 1 84

5 1 70

3 4 60

2 3 98

7 6 90

7 5 74

6 10 62

4 8 81

7 10 57

4 5 91

2 8 67

10 8 79

7 6 99

8 2 50

6 8 91

8 10 53

3 5 80

6 8 87

2 7 86

8 6 90

10 1 69

2 10 66

9 5 80

8 9 50

10 3 74

5 3 67

3 4 92

3 5 73

7 3 75

7 4 99

2 3 72

4 1 60

1 7 58

6 5 91

5 8 77

2 3 71

7 8 54

6 3 93

2 3 87

4 9 50

3 6 51

8 4 97

1 5 83

10 6 76

3 1 74

1 10 94

1 8 85

9 5 66

9 5 100

5 1 94

4 10 64

6 9 66

6 4 67

3 1 57

4 8 62

6 3 85

4 5 91

10 1 63

2 7 63

3 7 93

10 1 58

4 2 58

10 7 96

9 8 91

2 10 56

5 2 83

1 8 58

6 10 50

10 8 90

8 3 51

5 3 70

3 2 97

5 6 78

4 3 64

9 1 61

3 7 51

1 7 89

10 4 100

8 5 99

8 3 58

3 4 77

9 5 76

4 7 80

4 3 77

1 6 87

8 6 82

9 10 70

10 5 60

3 2 91

1 5 66

4 10 59

8 10 86

3 5 55

4 1 60

8 3 74

7 10 72

6 9 69

2 4 86

8 10 51

9 1 64

8 2 66

5 2 97

7 6 65

4 7 95

7 9 96

10 5 79

7 2 96

8 3 55

6 8 54

5 1 63

10 4 65

3 5 77

6 8 73

8 9 50

3 4 64

5 1 82

1 8 64

4 2 61

6 2 71

9 8 74

10 8 73

6 9 89

3 4 91

9 2 81

5 2 97

5 4 70

9 7 75

4 9 80

3 4 73

5 1 62

6 9 80

10 2 81

3 4 87

9 6 70

1 10 55

6 10 50

4 9 79

4 7 63

2 1 60

6 2 83

4 2 76

4 1 95

4 3 96

3 2 90

10 8 95

