10

7 2 3 1 2 10 3 3 7 7 10 10 7 2 2 7 6 7 1 10 1 2 7 9 2 3 10 5 8 3 7 2 6 2 9 4 9 4 7 3 3 2 3 7 10 

2914 2097 2954 2779 2436 2115 2804 2407 2354 2122 2611 2158 2887 2070 2571 2727 2119 2244 2010 2045 2014 2943 2418 2601 2917 2078 2036 2715 2120 2908 2650 2324 2015 2828 2611 2313 2799 2943 2316 2458 2530 2321 2671 2918 2716 

1 6 62

6 2 59

5 8 85

7 2 56

10 8 77

6 8 50

10 8 55

5 2 83

8 3 66

4 2 56

5 8 94

3 1 51

2 9 50

4 6 64

5 6 100

7 10 83

8 10 50

8 4 61

10 8 86

9 6 92

10 5 76

3 10 81

3 2 85

3 6 83

6 10 80

7 2 79

5 8 91

6 9 95

8 10 61

6 5 63

8 10 95

9 10 62

6 10 78

4 7 58

1 7 82

6 3 82

8 7 51

10 7 63

7 4 66

6 1 54

4 8 54

3 2 58

2 9 91

2 8 64

9 8 89

3 9 64

7 10 59

7 3 88

1 5 83

1 6 99

6 9 70

9 1 83

6 9 54

3 9 72

8 9 76

2 7 56

8 1 53

4 2 52

9 2 74

8 6 70

2 9 90

3 6 58

5 8 78

10 7 72

8 7 90

2 9 78

1 9 59

3 5 84

1 7 80

1 8 61

9 2 80

7 9 59

2 1 76

7 6 96

6 5 84

3 6 62

8 1 57

7 3 74

5 2 75

5 1 69

1 6 76

6 1 76

2 8 88

6 9 86

5 3 61

9 4 75

9 5 83

9 3 71

6 10 92

6 3 80

7 9 57

4 3 61

7 5 56

8 9 58

10 1 50

5 6 91

9 7 71

2 5 94

6 2 63

9 5 71

3 10 74

5 4 50

2 9 54

3 10 63

9 10 56

3 9 61

10 8 100

7 8 77

7 6 93

3 6 89

6 10 88

4 9 70

9 5 92

7 5 65

2 8 92

8 2 83

3 6 73

3 1 59

4 2 67

6 9 100

5 8 53

2 8 76

10 8 91

1 9 53

9 5 57

5 2 63

2 3 93

5 7 99

3 9 65

3 1 51

5 6 70

9 4 60

1 10 96

9 6 98

2 6 71

3 4 71

4 10 62

10 2 88

8 9 78

5 3 95

2 9 82

9 5 56

9 1 84

9 10 84

6 7 91

5 9 62

8 7 55

5 10 75

10 3 57

2 1 54

3 5 100

9 4 89

5 1 92

7 2 82

5 2 75

1 9 54

8 5 63

6 3 87

7 4 57

1 7 59

8 2 72

6 5 54

9 10 77

2 7 71

10 7 81

3 4 59

10 7 71

5 4 88

3 2 71

1 7 74

5 3 64

10 2 52

6 9 72

6 2 95

9 4 74

1 5 57

9 5 97

3 6 96

8 1 80

5 8 50

5 3 84

10 7 50

8 10 50

6 8 61

6 2 87

3 1 71

9 3 97

8 9 67

3 1 53

6 4 81

6 3 78

5 9 61

6 1 91

7 10 77

5 3 90

4 5 86

3 5 64

8 3 68

9 2 55

6 5 87

9 4 61

10 9 74

6 8 84

7 9 82

7 10 52

6 5 75

10 8 78

10 9 87

10 7 75

4 9 55

1 8 98

3 2 96

4 5 87

4 5 84

6 5 74

10 3 83

8 6 55

10 9 87

3 6 74

6 5 71

8 1 88

6 4 74

8 1 58

1 4 60

3 8 100

1 9 78

2 8 62

3 9 74

6 4 57

1 4 50

8 3 67

4 2 73

9 4 53

5 7 56

10 6 58

10 7 77

4 2 97

7 9 75

10 4 71

7 1 79

10 7 61

4 1 87

8 4 84

6 4 63

4 2 78

1 2 74

3 2 67

8 2 84

9 4 60

5 4 88

9 5 91

3 9 96

9 4 60

10 4 59

8 6 86

2 8 67

2 10 67

3 6 88

2 1 57

5 2 88

4 2 60

4 6 61

7 2 76

8 4 61

8 4 58

4 6 55

8 3 89

9 4 84

10 5 98

2 6 69

7 1 90

10 7 72

6 2 58

5 4 91

4 1 83

3 6 61

6 8 62

9 7 50

4 1 97

6 3 78

8 5 76

5 2 62

1 2 93

7 9 98

10 7 85

10 6 85

3 4 58

2 1 73

3 4 72

3 7 82

2 8 55

7 6 63

5 10 98

1 5 96

7 5 95

6 4 62

9 1 62

4 8 60

4 5 98

6 5 58

8 10 93

9 2 75

9 3 51

2 8 96

8 3 97

5 2 69

7 1 70

9 4 67

2 10 96

8 3 84

9 3 81

7 1 86

1 2 77

3 7 58

8 3 69

4 6 79

3 7 51

9 10 57

3 8 99

3 10 100

10 1 62

3 4 69

6 7 58

5 3 52

6 8 83

4 10 62

3 5 100

6 2 82

5 6 61

8 7 55

7 6 100

10 1 80

7 6 74

6 8 89

4 7 69

9 1 97

1 6 88

8 10 80

9 6 57

6 8 55

2 4 50

6 4 83

6 3 87

5 1 95

3 8 90

10 1 82

4 7 87

9 5 80

9 8 61

7 8 99

10 7 66

6 8 71

8 2 65

1 7 93

5 4 55

2 8 72

3 9 79

3 10 70

4 6 52

2 1 66

5 6 61

3 4 51

8 10 59

7 9 92

3 7 75

5 7 86

4 2 50

7 9 63

9 6 67

1 9 87

4 7 81

10 6 55

2 10 82

8 9 84

6 8 62

7 9 59

6 3 95

4 5 77

2 8 51

2 1 97

6 9 89

3 2 94

4 7 82

8 9 60

1 6 65

10 6 99

4 1 69

8 7 51

6 9 93

5 4 55

1 10 56

4 10 75

5 1 81

3 8 80

10 1 67

10 3 54

9 3 72

7 3 94

4 7 95

9 10 60

7 8 53

4 10 76

3 10 92

8 4 55

3 7 100

4 2 61

9 5 64

6 3 97

2 9 75

2 9 79

3 7 75

6 5 72

6 10 75

7 3 80

7 10 98

7 1 90

9 1 50

5 4 51

8 10 71

4 7 52

2 8 61

6 9 79

3 2 57

4 6 63

2 9 98

1 7 75

7 4 59

5 8 91

4 1 63

10 2 73

2 8 99

9 4 79

5 3 87

4 6 92

6 7 52

2 8 82

8 4 83

7 8 60

5 2 50

5 7 79

9 4 53

6 3 60

10 7 58

1 7 100

8 7 91

4 1 75

10 9 71

5 3 79

10 9 97

7 5 98

5 7 96

8 1 71

10 3 87

6 8 88

8 3 96

6 3 50

6 5 84

9 1 72

10 8 50

6 10 89

10 1 92

3 7 94

1 7 77

4 10 60

8 10 68

10 7 92

8 9 98

9 2 92

5 8 84

1 6 70

5 4 57

9 2 85

2 8 75

10 3 99

4 8 50

7 10 50

1 7 86

8 3 90

7 8 60

4 8 92

9 8 80

7 4 63

4 8 80

7 1 73

6 10 58

2 6 99

10 6 81

2 3 77

3 8 55

2 5 81

2 7 70

3 10 94

7 10 50

3 10 56

10 5 78

10 2 51

9 8 64

3 1 61

10 1 84

3 10 79

8 3 95

6 4 72

7 1 88

6 4 63

8 6 64

8 2 88

8 1 56

3 10 85

8 5 99

6 1 66

7 8 51

5 6 54

7 5 82

3 4 78

3 6 62

5 6 55

1 8 86

4 3 83

8 1 57

2 1 72

6 1 62

10 3 80

3 10 52

6 9 52

8 5 96

6 7 71

2 6 50

5 1 82

9 8 60

3 5 75

6 8 86

7 1 96

4 2 72

3 8 56

10 8 95

8 4 61

5 9 56

3 4 62

9 4 56

1 8 83

2 1 63

3 8 86

8 1 51

10 6 56

4 6 54

9 8 53

9 2 58

10 7 58

4 8 64

1 3 100

10 3 82

10 8 61

4 9 85

2 9 54

10 7 82

7 5 99

10 4 82

2 8 79

9 8 73

2 1 66

9 4 63

7 8 75

10 3 61

1 2 58

8 1 81

2 10 59

1 10 72

3 2 92

7 1 55

6 3 66

10 5 54

8 2 58

9 7 88

3 5 88

5 7 85

6 4 77

2 4 51

5 8 69

8 7 61

8 3 74

1 6 91

1 3 60

1 6 86

9 1 95

2 1 85

7 6 61

1 10 74

3 1 67

7 10 72

3 4 84

5 4 65

3 9 73

5 9 65

9 2 95

10 4 85

10 1 53

10 7 75

10 8 66

4 1 74

4 2 67

6 2 73

10 5 82

7 6 97

3 5 74

4 2 90

10 9 84

10 2 56

10 2 77

9 10 83

5 1 50

1 10 85

3 6 67

8 2 93

2 9 73

5 1 85

2 1 83

4 6 60

5 2 83

3 2 54

7 3 61

6 2 62

7 1 53

10 9 77

6 5 85

5 1 80

8 4 81

9 2 97

5 6 74

3 1 87

6 2 51

3 10 66

6 7 89

5 8 89

7 8 92

3 2 84

9 4 88

2 6 63

4 9 95

9 8 58

9 7 96

8 4 80

9 7 62

6 2 62

2 5 69

5 3 98

7 3 93

7 9 99

3 8 96

3 8 56

5 8 86

6 1 53

6 1 51

7 1 76

10 9 100

8 4 96

1 6 99

6 8 80

3 8 89

9 7 90

9 5 61

10 5 61

1 2 75

4 8 58

6 10 92

2 1 83

6 8 97

6 5 93

5 10 66

8 6 61

4 10 86

8 9 91

7 3 86

3 2 83

1 5 74

2 10 81

6 5 88

6 1 98

5 6 68

6 3 93

4 5 75

10 3 77

4 6 65

4 9 58

3 2 64

2 4 77

5 4 55

1 5 83

10 8 69

2 7 65

5 1 80

8 3 72

9 7 63

2 10 71

4 7 80

2 9 50

7 1 82

9 6 95

10 4 67

9 8 52

1 7 53

7 8 79

10 6 71

7 8 75

3 2 93

9 1 88

10 2 75

1 5 87

10 6 61

2 1 93

7 5 81

3 5 64

7 2 91

9 10 62

5 7 90

9 7 87

1 3 88

9 1 88

3 7 94

1 2 80

10 6 90

2 7 65

2 9 91

10 3 72

5 2 62

1 7 68

5 1 87

7 9 78

5 1 82

3 5 54

1 6 93

5 4 85

4 6 61

9 2 78

6 5 86

5 3 64

9 5 72

1 5 51

9 6 90

2 5 57

1 4 90

2 1 50

1 9 73

5 9 51

8 9 72

6 2 81

6 7 76

9 8 96

7 9 82

2 8 59

1 9 100

8 4 60

1 7 100

7 3 88

4 6 75

7 9 82

8 10 82

9 5 55

2 6 73

2 3 77

3 10 71

9 2 94

8 7 82

6 1 93

7 6 56

7 8 93

9 4 58

3 4 72

6 8 54

9 10 70

7 2 68

5 9 77

1 8 97

6 2 92

9 1 72

8 7 61

6 10 87

6 10 73

1 8 70

4 2 96

2 6 75

8 5 97

10 6 57

7 3 84

3 2 59

4 3 70

3 1 60

9 5 89

5 1 84

8 9 69

2 5 60

1 7 65

4 6 64

8 9 91

3 5 76

3 9 69

3 7 79

9 6 90

6 7 90

7 6 81

8 10 52

1 2 65

2 9 71

9 1 81

2 3 74

6 5 96

5 4 83

6 10 87

7 5 53

1 10 75

9 10 91

10 8 54

3 1 76

10 3 72

4 1 90

8 1 95

7 2 77

10 7 79

8 6 95

10 6 55

4 1 67

2 8 53

7 8 75

6 2 88

4 3 95

3 4 94

1 2 59

6 9 56

3 8 93

1 3 73

5 8 87

8 5 76

2 10 96

7 4 58

3 4 100

4 1 52

7 10 61

4 10 64

1 8 69

8 4 70

1 10 99

3 10 89

2 10 57

3 9 52

5 7 96

8 5 98

8 4 53

5 4 78

9 3 64

6 4 96

8 3 84

4 3 71

10 5 52

5 9 58

6 1 68

8 9 91

6 3 100

8 5 82

8 5 72

9 2 97

5 8 71

8 7 66

8 10 61

3 9 69

2 10 74

9 8 91

9 8 52

3 2 67

3 10 92

4 1 61

9 1 89

3 5 89

3 8 91

3 5 73

8 4 94

3 10 100

3 4 64

9 7 88

1 6 77

3 10 94

2 6 74

7 9 50

10 3 92

2 3 63

10 1 60

4 2 68

7 10 69

4 10 94

10 2 52

5 10 57

1 3 87

3 1 96

10 8 55

2 7 65

8 6 95

2 3 52

8 3 52

8 4 90

7 8 67

8 10 65

9 4 88

5 7 56

3 6 95

3 4 72

7 9 88

4 10 80

6 2 56

3 9 51

4 3 81

7 8 98

10 5 63

2 3 65

10 3 54

8 2 68

10 2 51

6 3 88

1 6 87

4 5 84

3 7 94

2 3 65

1 10 94

8 4 59

2 8 81

10 2 69

2 10 89

2 5 56

6 9 59

3 4 87

6 2 90

10 6 51

10 6 59

8 9 85

4 3 88

4 1 64

5 4 79

4 3 76

3 7 96

3 6 71

3 1 72

3 8 98

2 9 73

7 8 73

2 1 99

8 2 99

7 5 56

8 4 97

8 1 92

9 6 66

6 3 90

6 10 90

2 7 87

9 4 51

4 7 68

6 1 60

1 6 100

6 4 100

1 7 84

2 7 72

10 9 88

2 4 70

7 4 61

2 6 56

8 6 56

10 4 90

7 4 73

8 6 76

10 5 61

2 3 79

1 5 76

2 9 66

10 5 63

8 3 92

6 10 63

10 8 89

4 3 59

1 6 98

5 9 69

8 4 59

8 7 54

4 5 62

1 9 67

3 6 54

7 10 89

6 7 83

7 5 92

5 10 88

4 10 77

10 6 66

9 4 61

1 8 72

3 6 97

5 8 100

3 5 71

3 9 66

7 8 91

6 5 76

4 2 90

3 6 88

6 7 98

1 10 81

2 9 75

