10

3 3 1 1 10 9 7 2 7 5 1 5 7 1 6 3 3 7 7 2 8 3 7 9 5 3 6 8 9 3 5 8 5 8 10 8 10 1 10 8 3 9 10 2 4 

2661 2216 2677 2646 2265 2567 2260 2568 2225 2868 2515 2516 2321 2098 2198 2616 2903 2771 2455 2623 2929 2069 2552 2930 2943 2308 2696 2803 2853 2880 2642 2012 2465 2995 2612 2370 2025 2788 2594 2533 2578 2520 2326 2657 2686 

8 9 96

2 5 65

4 5 81

9 6 99

9 4 91

3 8 87

8 1 72

3 7 81

9 1 98

3 9 50

4 9 92

7 5 99

8 2 77

2 5 67

1 7 88

4 3 88

5 7 54

1 3 54

10 2 87

9 10 74

3 7 92

4 3 58

1 2 59

3 8 78

8 1 92

9 8 56

2 3 74

6 3 56

7 2 56

9 5 96

8 10 58

1 3 58

10 9 66

9 7 74

3 4 52

10 2 67

4 7 51

10 9 95

10 3 70

7 1 67

3 5 97

7 6 56

4 8 76

1 8 95

1 5 60

9 10 51

10 2 68

7 4 77

4 1 57

9 4 54

9 5 88

9 3 50

5 9 51

6 10 85

2 6 54

8 9 75

3 9 88

4 1 88

4 5 54

3 8 84

10 3 74

2 3 63

3 7 95

3 2 74

2 4 90

9 8 81

7 4 87

1 4 65

9 10 93

4 2 88

6 2 93

9 4 54

6 10 53

2 9 78

9 5 89

1 9 60

8 9 62

3 10 61

3 5 70

8 3 82

3 9 68

2 5 91

2 5 83

9 4 56

8 4 63

6 4 83

1 7 94

8 2 52

2 3 51

10 7 82

5 2 66

7 4 90

10 6 75

4 3 54

2 8 67

5 1 63

3 10 61

2 10 76

4 6 100

5 6 76

5 2 51

2 8 88

7 10 91

10 2 62

9 6 71

7 3 91

5 4 90

7 9 96

7 10 71

6 10 73

5 10 64

7 8 72

10 3 80

4 6 77

2 9 80

6 1 65

7 5 96

2 3 87

10 7 100

1 5 90

10 3 64

4 7 86

2 1 75

4 3 75

6 1 95

3 8 80

2 6 100

2 6 52

1 10 60

5 7 96

9 3 56

1 3 85

3 4 67

5 3 100

4 2 72

6 9 70

4 3 97

8 7 90

7 9 85

3 7 78

9 3 88

10 7 93

1 9 89

8 6 89

8 7 75

1 8 58

10 6 92

10 9 64

6 10 57

10 4 59

7 10 58

4 9 60

3 7 65

5 10 90

5 7 72

8 4 58

5 6 92

9 5 89

1 7 83

5 9 76

1 5 93

1 3 80

10 5 65

4 1 65

10 5 65

4 3 60

3 4 66

4 10 55

10 7 62

2 10 51

10 3 92

7 1 85

9 1 59

4 9 58

1 2 56

8 7 73

7 3 79

7 3 52

4 9 51

7 8 81

9 4 60

9 5 66

9 1 50

3 1 97

7 4 74

3 4 85

2 5 90

4 1 56

8 10 69

3 9 67

1 5 84

2 9 52

4 3 89

6 10 59

4 6 53

1 10 67

10 9 88

5 10 67

9 6 95

9 1 73

9 1 52

2 7 70

8 2 96

2 10 72

3 8 58

3 1 64

9 8 86

4 8 94

6 8 87

7 6 100

3 5 100

8 9 96

8 5 93

2 8 76

9 4 56

5 10 72

9 7 78

7 8 82

9 4 59

2 6 60

10 5 89

9 4 59

4 2 57

4 6 72

6 8 66

3 10 59

9 7 88

4 5 74

1 3 64

9 10 75

1 8 73

2 6 98

2 7 98

10 8 67

5 3 90

10 8 98

3 7 58

8 6 52

1 6 53

10 1 52

6 10 88

1 7 82

7 8 98

5 9 58

2 8 100

3 6 71

4 2 86

9 4 98

1 9 90

9 7 87

3 1 68

3 4 90

1 10 51

7 10 51

10 3 81

5 9 94

5 2 89

9 5 99

4 5 52

3 6 88

2 3 60

2 8 83

5 8 53

2 8 82

9 10 80

6 3 63

10 5 86

6 5 92

5 4 64

6 10 72

3 6 58

5 4 97

4 5 72

7 8 74

3 1 75

8 10 60

3 7 85

8 10 75

4 7 64

3 5 85

9 2 57

3 2 97

6 1 61

9 10 62

5 8 60

5 2 98

9 8 61

9 8 99

10 7 75

9 1 89

8 3 92

7 8 65

2 7 100

4 3 83

4 6 99

7 4 63

1 9 76

10 9 61

2 5 61

3 9 59

1 8 72

10 8 66

8 9 93

6 1 79

1 5 68

4 3 86

1 10 86

3 8 75

9 7 55

2 6 83

5 10 51

3 9 97

8 1 72

9 4 100

7 1 51

7 6 88

7 2 77

6 4 69

4 1 81

9 4 82

1 7 77

3 2 64

3 9 89

5 10 50

9 8 86

9 6 52

7 4 68

2 1 96

9 8 68

5 2 55

2 6 97

1 5 55

6 10 64

9 10 78

9 7 67

9 2 99

6 7 59

5 8 56

1 3 87

9 5 60

2 10 52

1 2 97

1 4 98

6 8 57

10 8 69

6 7 99

1 4 71

5 10 88

7 8 53

6 7 90

3 2 59

4 2 52

6 10 55

4 6 92

3 9 84

10 8 61

4 5 71

4 3 90

5 4 97

6 1 55

2 3 92

6 8 53

5 7 96

5 7 76

6 8 72

1 5 90

6 1 91

3 2 62

9 5 98

3 2 57

9 7 89

1 2 97

1 9 58

3 2 62

9 7 66

9 6 85

8 1 75

8 7 71

4 7 95

8 5 96

9 8 82

4 8 75

1 2 95

8 4 97

4 6 67

6 1 98

8 3 55

10 2 88

10 5 89

9 10 63

3 7 61

9 5 51

8 10 50

8 6 68

8 1 83

6 1 78

4 10 94

6 4 52

6 3 69

2 4 94

3 2 86

8 4 56

4 5 83

9 8 60

5 6 58

9 1 76

6 4 55

9 7 61

6 8 96

6 4 80

10 4 72

6 8 55

8 3 90

9 3 89

6 4 62

6 7 59

9 2 72

8 6 51

7 8 85

1 6 68

1 6 66

8 10 62

1 3 75

5 9 74

8 6 66

4 3 61

4 8 75

8 7 85

9 3 54

2 6 88

3 4 92

4 9 65

4 7 81

8 3 94

10 9 59

4 1 84

1 6 60

8 9 67

8 1 75

5 6 89

9 10 90

4 10 95

1 9 81

8 4 65

5 9 57

8 4 61

8 6 100

4 5 79

4 2 56

10 9 87

2 8 93

5 9 62

6 3 66

5 10 83

4 6 93

1 10 78

4 3 100

6 3 92

4 7 61

6 5 56

7 10 81

10 4 70

6 2 93

3 9 95

4 9 93

2 7 54

5 7 74

4 8 54

5 9 88

4 9 69

2 5 86

5 6 59

2 1 78

6 1 56

6 4 97

3 10 54

7 5 86

7 4 58

4 8 74

9 8 84

10 8 63

5 10 58

3 5 79

10 3 66

6 9 68

1 6 57

5 1 81

4 10 64

1 6 72

7 10 85

2 1 52

4 9 83

6 7 68

6 8 82

7 8 50

2 1 94

7 8 93

10 3 51

6 4 95

3 1 71

5 8 95

10 7 93

10 2 64

4 3 51

3 1 82

5 1 61

6 3 72

6 9 93

8 2 50

5 3 99

3 10 78

4 9 95

3 2 89

9 2 86

2 5 95

5 6 67

4 3 54

2 3 72

9 8 56

8 4 73

1 6 67

5 8 55

1 8 67

3 4 93

7 3 69

7 9 87

7 1 70

4 7 76

9 10 82

2 6 69

4 1 77

2 6 86

8 3 59

1 5 98

6 3 71

6 5 73

4 7 67

6 10 67

3 4 96

1 8 74

2 3 50

8 7 54

4 3 60

10 5 60

4 9 83

9 4 74

4 1 66

9 4 90

8 7 96

1 4 50

9 1 74

8 5 71

4 5 88

8 9 60

7 6 59

4 6 96

9 4 96

4 6 71

9 5 67

6 4 67

5 6 73

9 4 80

4 9 75

7 4 76

3 7 71

3 6 56

5 8 70

5 3 94

8 10 76

1 10 69

7 1 52

8 1 54

5 4 75

4 10 98

1 10 72

7 6 72

5 4 59

5 7 96

4 3 52

4 1 63

3 9 60

8 9 66

8 1 98

2 7 72

8 6 80

4 2 52

8 7 87

2 8 91

1 10 80

3 1 64

6 9 79

3 6 57

1 5 84

3 1 50

8 7 50

4 10 95

10 8 62

2 3 78

9 3 66

8 3 59

5 2 65

2 5 100

7 6 83

5 8 87

4 8 83

3 1 100

7 4 76

3 5 98

7 5 68

6 1 75

8 1 83

7 3 92

8 4 88

9 5 82

9 1 61

7 6 52

2 9 51

2 6 63

4 5 96

6 4 60

10 8 81

3 7 81

9 6 59

8 1 97

8 3 81

6 9 86

5 10 53

1 7 99

6 9 84

3 6 94

9 6 53

2 5 70

6 10 60

9 5 96

9 6 63

1 9 74

3 1 54

8 9 84

9 1 55

8 9 65

7 9 80

5 1 86

1 5 70

8 2 97

9 10 70

7 1 80

10 1 81

1 3 69

5 1 96

9 5 67

5 4 79

8 7 92

2 3 89

8 7 98

3 6 70

3 1 92

3 2 87

4 2 62

2 5 92

4 7 78

1 3 55

2 4 54

6 9 97

9 5 58

8 3 71

1 3 56

7 10 63

5 2 100

1 9 77

9 7 93

10 8 63

3 6 73

9 8 74

9 5 86

10 7 73

4 6 81

9 6 76

9 1 62

4 8 67

1 7 79

7 5 62

6 3 64

8 4 53

6 1 72

9 2 89

10 7 72

4 8 65

10 2 75

1 2 86

4 5 81

4 8 57

4 3 53

8 10 56

9 4 79

5 1 52

3 7 68

10 1 91

7 5 66

3 5 58

1 5 68

2 4 77

6 1 75

6 5 91

5 10 65

2 10 51

8 3 59

9 10 57

4 2 77

2 10 88

1 5 57

5 1 55

10 8 72

2 8 71

9 10 51

1 2 92

8 10 73

4 6 56

9 7 70

7 9 87

2 10 57

8 6 92

6 4 67

1 3 59

3 5 85

2 8 88

3 5 86

10 6 51

3 4 69

1 4 79

9 6 53

8 5 60

3 9 63

9 5 91

1 3 95

3 9 89

4 7 91

1 10 63

8 6 67

4 7 79

2 10 79

1 7 68

5 10 74

5 8 100

3 1 75

2 3 61

5 3 74

7 9 77

10 5 93

5 8 66

4 3 83

7 9 93

6 9 79

9 6 68

2 8 84

2 1 73

4 9 59

8 7 52

7 5 65

4 8 51

9 6 67

5 7 79

4 5 95

2 3 63

2 1 90

3 4 78

4 10 77

10 7 92

2 10 73

2 6 80

5 8 86

9 8 83

10 7 100

3 7 83

4 1 86

3 1 66

4 1 71

5 4 59

3 4 99

9 10 51

2 5 69

9 8 92

10 1 67

7 9 86

8 3 79

8 10 91

9 8 63

5 7 55

8 3 59

6 5 58

9 5 61

10 7 71

2 10 98

9 4 61

1 2 74

7 9 64

5 7 90

1 9 70

3 9 73

10 8 88

10 6 70

5 4 63

7 10 77

1 8 60

7 5 64

7 1 83

1 10 66

7 3 64

9 8 64

9 5 92

10 5 80

4 8 89

8 4 85

8 5 92

4 10 93

3 10 54

2 8 65

6 1 99

8 2 100

6 2 100

2 3 60

1 5 62

6 7 97

4 8 55

1 4 51

9 8 55

9 4 94

10 9 92

4 3 83

1 3 55

2 7 74

2 4 75

3 2 72

4 8 86

2 4 95

3 9 75

8 9 62

1 6 58

5 3 81

7 4 84

4 6 67

8 5 86

3 2 80

8 3 100

6 3 72

7 6 56

9 5 64

8 6 83

5 8 70

2 10 64

3 9 63

3 4 76

2 9 67

9 7 74

10 9 54

6 8 92

8 6 93

6 8 56

9 6 63

2 10 56

9 4 54

1 8 52

10 3 70

4 1 66

9 8 60

1 5 55

10 7 76

7 4 92

4 8 62

10 5 85

7 1 52

10 4 96

7 2 96

2 4 83

9 4 66

3 1 95

4 6 67

6 9 86

10 3 80

10 9 57

5 1 99

5 8 56

4 2 63

10 9 67

9 10 92

7 5 67

10 3 88

3 5 98

4 7 60

10 8 86

3 1 65

10 2 63

1 8 94

4 2 58

3 10 58

1 5 86

10 2 93

9 6 52

6 2 100

3 7 52

4 10 55

7 4 79

3 10 99

3 1 98

8 3 83

8 5 54

1 5 65

3 10 73

3 8 91

4 9 95

9 8 52

3 4 77

1 2 82

9 6 70

3 6 52

5 3 92

7 6 85

1 2 50

5 4 93

8 5 74

8 7 67

4 1 57

3 5 72

8 4 95

4 3 61

5 4 95

8 7 54

6 7 58

7 10 75

1 6 90

4 6 80

3 5 77

2 9 70

7 3 71

5 4 87

6 5 57

4 3 64

8 7 50

5 4 73

9 2 91

3 4 63

5 3 56

5 4 86

2 5 100

9 10 70

6 8 92

3 10 63

1 6 92

8 5 63

5 10 79

7 2 77

3 5 99

4 9 59

10 7 89

5 7 50

4 8 65

10 1 51

9 8 73

6 2 50

9 8 88

2 3 67

10 3 78

5 7 82

1 8 55

1 2 84

5 3 74

7 8 61

2 4 93

7 2 56

9 8 79

5 10 79

10 6 97

1 3 72

2 5 68

4 9 95

3 9 82

9 4 67

6 4 50

7 4 99

10 3 58

2 10 72

10 5 58

3 4 73

9 8 79

3 5 62

8 4 65

8 9 54

1 9 100

8 2 79

7 2 53

9 5 92

1 5 76

1 3 70

10 2 54

1 2 76

3 1 61

3 2 50

1 7 81

3 7 83

5 9 95

3 8 91

