25

2 2 2 3 3 5 7 1 5 4 5 4 9 1 8 5 7 2 8 3 2 7 2 3 2 1 8 1 1 6 6 5 5 2 4 8 7 7 9 8 6 10 10 1 1 2 3 7 4 4 9 4 1 8 10 5 10 6 10 5 6 9 3 7 10 7 10 9 10 8 4 1 8 9 7 8 5 5 9 6 6 1 9 6 8 4 1 10 5 3 2 2 1 3 7 2 5 5 5 2 1 9 9 2 3 4 7 4 8 5 3 8 1 10 7 1 9 8 6 5 6 4 2 7 8 2 10 5 5 1 4 1 4 6 5 5 1 6 10 9 9 7 2 5 5 3 6 1 3 7 5 1 10 2 9 6 1 5 1 5 1 5 10 5 4 5 10 2 4 10 3 3 10 1 9 3 2 2 10 4 4 8 3 7 6 7 2 8 4 8 3 4 5 4 1 10 6 1 8 8 5 6 2 2 4 7 5 2 4 6 2 8 8 2 3 7 7 6 8 3 6 10 7 1 5 8 2 6 9 9 5 8 4 1 4 7 6 3 3 7 8 6 9 7 7 7 3 6 4 10 5 1 7 2 7 8 6 3 7 10 6 4 2 4 2 7 7 5 10 6 10 10 2 8 6 2 4 2 2 8 4 6 10 8 1 1 10 1 3 9 7 7 10 1 1 7 2 4 8 1 

12921 7793 13273 10175 9457 7308 5066 9506 13973 6239 10959 6173 10373 14733 5474 10806 8880 13010 7599 12290 5734 12621 10323 7244 14740 10586 13928 8221 12895 10554 6545 13118 14383 14392 7718 14008 12040 12272 10690 9607 13111 9222 6983 11944 6549 11358 12470 14429 12449 5595 7553 5526 10243 12472 5376 9456 11290 12917 11025 12967 13128 6300 11573 5129 7270 8877 11542 5299 9742 8892 10812 12914 13733 7011 12397 11651 6705 8530 5584 9616 10130 6809 5918 6675 8557 5820 7246 9844 6215 13314 12633 7724 13512 5146 10327 5385 12873 5603 8162 11774 13208 8163 14773 12816 14946 6091 8856 14647 13073 12496 8319 13109 13903 5031 9605 7585 12385 11296 13758 9539 10708 7171 9848 8691 5654 11831 8284 12683 11730 9948 6208 9293 9410 13770 14689 13778 13056 5142 12779 7763 10993 10316 6585 10258 11052 8420 12496 5830 8480 7872 12434 9739 9533 13653 5602 14937 13306 12383 5561 11238 6375 11450 13665 12654 9709 13030 9917 14940 14943 13811 10119 11725 7603 6440 13790 14262 8170 9303 10842 6751 7951 7072 6206 6550 5649 5695 10692 6072 12282 11940 13253 11159 6579 9444 14525 8874 10414 10344 14018 6217 13925 13959 13643 10072 13012 11779 8423 7884 7645 11059 11167 7994 8066 7663 11630 8353 7328 12530 12297 12417 12906 5073 12268 11426 7096 11196 7942 12988 5829 13142 14216 6914 8129 13430 12702 10570 13985 5271 14151 7691 6657 7498 10665 6551 6561 12850 9590 5647 7770 14679 5008 7663 14932 8614 14671 5370 7907 12538 9878 6333 13823 10331 13366 6816 11362 12308 5511 9127 10126 7963 12394 10775 8672 14756 10103 8304 8444 9977 8525 13407 7227 11474 14360 14041 14981 6965 7516 8654 6961 11000 7254 7344 13872 13243 14413 9801 6475 11675 13925 6213 

7 16 20

15 13 22

4 1 43

2 25 27

10 12 46

21 3 24

15 5 33

15 1 42

9 18 22

1 8 15

5 17 39

2 25 20

13 16 42

15 22 34

2 21 37

21 7 50

9 12 11

22 7 42

7 16 39

1 11 17

1 9 15

20 6 27

7 16 35

7 25 18

3 25 38

12 19 23

20 5 50

16 25 23

5 23 38

2 17 24

6 16 10

8 5 41

19 25 17

23 24 42

23 20 48

17 6 22

9 7 26

16 17 26

21 3 32

1 12 45

2 24 23

3 9 29

11 19 19

22 3 10

22 18 21

19 24 26

6 23 12

7 11 41

8 6 31

4 21 34

8 15 23

15 21 37

25 5 19

5 4 13

19 17 44

1 8 11

5 6 41

15 16 14

10 8 17

21 11 11

20 3 48

13 2 22

4 18 19

10 14 32

9 16 16

15 10 15

23 11 11

20 11 18

6 24 32

14 15 49

14 10 39

9 12 32

13 4 48

18 13 24

8 13 50

19 4 27

20 19 48

12 11 12

10 4 48

15 14 16

14 20 44

11 8 38

21 18 35

10 23 41

13 5 16

23 11 18

13 25 18

22 8 13

2 19 26

22 20 36

4 10 40

15 8 19

22 9 47

4 22 31

9 6 47

16 8 25

21 23 40

5 8 14

11 21 45

18 17 20

25 21 32

6 15 21

4 2 38

1 7 13

14 9 27

20 13 37

17 19 39

5 24 17

22 9 27

14 7 18

20 13 45

1 23 50

2 18 43

6 25 29

25 7 49

20 5 48

14 25 45

4 19 27

25 16 18

9 2 20

25 24 18

18 11 47

23 13 37

1 16 25

1 19 19

24 6 37

12 18 41

7 24 48

20 8 22

24 3 38

11 15 39

1 5 28

17 25 42

13 9 41

18 6 41

1 20 43

5 2 13

19 24 35

20 5 50

12 1 49

7 2 10

8 3 50

1 6 23

17 3 33

7 8 32

3 2 46

3 17 40

20 17 33

19 16 35

7 8 40

17 22 45

8 19 10

7 21 40

6 24 14

8 9 11

16 8 46

18 3 15

4 21 48

13 24 49

11 9 48

15 9 43

6 21 18

13 12 15

21 15 24

15 23 23

19 12 45

11 20 32

6 16 34

11 24 26

6 17 21

7 20 14

9 15 32

21 22 16

25 21 31

10 1 43

5 3 12

16 4 41

7 18 26

21 24 27

7 4 44

3 10 14

6 16 31

18 3 22

6 13 10

7 23 31

22 11 11

13 11 24

4 8 41

6 17 26

14 10 34

5 4 38

6 7 50

3 20 29

8 2 18

16 11 46

13 11 35

6 23 42

9 11 12

19 14 21

18 3 27

16 10 37

3 25 29

4 21 50

9 11 17

13 1 15

13 4 17

16 25 20

15 24 34

11 16 42

20 2 33

1 17 25

8 11 43

23 20 45

13 9 42

19 2 45

15 6 42

12 20 13

3 6 18

18 6 32

14 11 48

14 2 44

3 9 22

12 15 24

3 6 11

14 21 33

15 25 25

13 16 20

4 19 50

5 15 29

1 12 33

2 20 34

3 12 42

15 24 49

1 22 13

24 17 45

3 24 26

3 5 31

14 8 32

10 21 38

1 6 39

12 20 22

6 8 44

23 25 20

8 5 33

16 19 18

10 7 50

9 12 29

1 4 13

2 10 30

2 10 24

20 19 47

16 4 28

18 9 34

21 10 31

4 10 29

8 23 25

12 16 39

24 6 19

17 11 23

1 19 47

10 2 21

18 10 26

6 23 44

12 23 45

12 3 37

22 10 26

12 4 34

16 9 36

13 18 44

10 22 46

17 4 11

21 18 31

19 22 49

25 5 38

17 23 17

11 3 42

16 11 31

16 15 26

18 25 14

7 8 17

1 12 45

16 10 19

23 24 16

1 22 47

16 7 41

5 12 29

4 12 14

7 18 47

7 12 30

23 3 27

6 10 25

17 5 17

12 1 20

6 25 46

18 10 20

9 20 49

17 25 15

7 15 13

24 11 39

25 8 39

21 1 21

5 11 25

14 22 28

24 22 40

17 24 22

11 6 41

23 20 11

24 7 39

18 22 47

7 12 27

9 6 44

19 14 49

3 4 12

18 24 26

10 8 44

25 10 29

13 16 15

5 11 24

4 18 34

8 3 11

15 14 32

19 23 11

20 25 36

1 23 25

13 15 19

17 22 33

23 2 18

19 17 15

11 9 36

16 17 22

17 9 21

20 18 15

7 4 26

15 22 44

12 18 20

20 6 34

24 2 28

10 14 45

18 8 37

13 4 27

8 19 40

7 10 26

18 2 43

16 2 33

15 11 47

21 1 43

2 14 11

6 1 35

13 7 14

16 8 30

2 15 12

25 19 21

21 1 31

1 2 43

15 23 46

13 25 31

18 1 42

12 16 37

13 8 33

9 15 29

7 10 50

15 16 44

9 8 47

18 8 32

17 16 29

8 7 21

14 13 28

2 1 20

1 5 32

6 14 49

15 6 16

20 2 27

25 13 20

12 23 23

21 23 24

6 8 13

20 25 12

3 6 27

6 7 49

11 7 45

8 22 46

2 25 11

22 12 18

11 9 16

1 13 42

15 25 48

2 10 42

5 17 23

23 2 21

13 15 41

2 3 34

4 14 43

9 3 49

14 6 44

18 6 15

20 19 12

10 21 46

7 1 44

7 22 25

21 20 38

13 22 17

3 25 18

22 17 33

1 7 36

18 11 46

25 8 18

2 4 49

4 21 37

24 22 39

11 23 34

12 17 36

15 17 45

8 20 31

25 12 20

20 22 23

5 24 41

4 5 41

4 17 48

24 21 17

12 3 34

4 6 12

25 20 30

19 24 37

4 11 35

23 17 33

17 24 45

7 25 14

11 23 45

7 8 39

9 23 40

14 3 18

22 10 24

20 15 37

25 7 10

1 3 29

23 14 18

16 3 38

5 15 49

6 20 22

17 21 23

22 16 33

16 8 39

11 14 38

13 6 24

11 18 38

3 16 41

9 4 38

14 8 24

20 9 21

23 4 49

24 4 38

14 11 30

1 19 11

5 22 49

9 3 15

6 5 26

10 18 23

16 18 17

19 2 45

15 2 21

1 8 26

22 11 17

8 22 27

8 18 23

8 1 20

6 25 35

8 25 11

2 5 30

15 17 47

1 16 42

17 20 29

25 17 31

22 4 21

13 2 19

10 8 31

24 9 17

21 6 30

24 12 47

14 12 12

12 4 49

7 8 45

24 4 18

25 21 11

18 14 50

4 14 10

3 9 50

16 17 29

25 12 29

1 4 24

14 15 10

9 3 39

6 2 27

22 7 10

9 20 27

15 23 35

9 21 35

17 9 33

12 5 18

9 1 13

11 14 22

