22

3 7 3 4 2 4 7 3 7 4 8 3 8 5 2 2 3 1 1 3 1 6 2 10 5 2 5 8 2 6 3 10 4 3 3 4 6 2 7 9 10 9 8 3 8 10 2 3 7 10 4 8 6 1 6 8 4 3 7 8 10 2 4 1 5 9 3 4 10 2 6 4 6 5 3 4 5 6 7 7 4 1 1 1 10 7 10 2 1 2 7 8 6 6 7 5 9 5 1 6 5 5 8 4 1 3 10 9 6 2 5 1 4 6 10 2 7 6 2 3 6 7 9 9 2 5 4 7 4 3 9 7 1 2 5 2 2 5 8 5 7 5 8 10 6 3 6 7 8 3 3 1 8 1 6 5 8 5 3 6 10 4 2 4 8 6 4 7 4 1 3 7 8 6 5 5 8 6 4 5 4 6 6 3 10 6 2 3 3 8 3 5 7 6 9 9 3 6 1 1 4 8 2 6 5 1 2 5 4 4 4 5 1 2 3 10 4 4 5 1 2 5 5 7 5 4 3 3 3 6 7 

38038 71932 32250 23244 16986 68590 23031 70476 30103 70731 27801 68180 72081 71192 74187 65249 57213 69186 44275 54549 37349 65579 34315 40976 73049 62348 42920 21988 61444 38477 64486 57023 47000 41126 60104 43155 62916 74408 66393 38569 58804 13599 70891 45270 26941 70014 43468 15565 44979 68665 41592 45645 44788 39661 40731 14062 70354 52569 17237 63138 39629 28201 17142 57195 13591 69512 43025 45639 12926 37368 19834 61220 71270 33128 46964 44292 36239 12947 45239 52635 63170 73777 14024 68296 41440 17952 50245 23025 37069 59692 47737 69740 40442 45173 29642 66412 61951 68184 55825 23573 46152 63104 29234 22015 51675 33694 62060 20910 44526 29855 42142 48440 39280 65131 37162 59511 70685 62810 63916 70943 25197 65549 32196 43405 20208 29867 35232 59064 38299 52855 38535 19250 29825 31306 41547 45004 64323 33337 14082 67622 27361 69351 29722 58795 74334 45460 31088 33089 66418 30698 67260 46894 26521 69475 16489 42529 14384 60387 60399 43992 42744 14031 71362 26777 53024 45983 50470 70930 39356 69100 59173 38813 28970 71708 36001 59743 44998 42619 43158 52334 19619 30259 33726 60000 16124 63955 43771 65166 58032 33190 44746 58692 39197 52817 40280 35114 38553 26334 45231 74087 74085 55480 31200 66453 28022 32403 74170 74566 33821 65696 46394 30896 35543 21005 68803 39101 74031 25897 19284 72523 59411 46938 51510 54142 43431 32342 68248 24221 57943 63262 37511 

19 5 50

5 1 45

22 15 38

8 1 28

12 8 12

12 20 50

7 13 25

5 22 24

18 22 25

7 15 38

10 21 21

12 8 34

9 7 22

3 4 32

3 13 44

15 10 16

14 19 47

7 17 48

10 7 13

17 8 41

16 20 30

1 22 35

9 7 10

12 20 37

13 22 38

22 3 48

19 12 35

5 10 15

18 17 20

22 18 33

3 9 26

2 7 46

4 7 42

2 19 28

7 20 48

16 21 27

22 6 45

10 21 18

7 12 44

6 5 24

8 4 12

9 12 31

10 16 37

18 17 24

17 11 14

11 16 50

12 21 39

9 17 30

5 14 24

7 17 17

12 7 49

9 7 19

6 13 14

8 22 26

10 15 16

21 10 16

20 10 23

12 1 11

2 5 35

17 5 49

14 22 11

8 6 21

3 14 31

8 20 27

17 12 18

9 17 26

19 11 39

3 2 48

7 1 23

18 21 38

10 3 11

10 9 16

1 11 19

20 14 18

11 20 28

21 15 29

11 7 23

4 10 17

7 20 40

15 6 27

17 13 31

22 14 38

14 7 43

3 14 22

1 22 46

1 7 34

8 20 46

17 21 13

3 1 24

8 18 35

13 4 39

22 2 25

9 4 29

8 2 19

17 1 48

21 15 47

11 14 10

8 12 21

7 8 38

11 22 24

18 2 50

20 14 24

16 18 45

14 19 39

8 15 43

5 20 35

4 9 11

12 4 26

12 14 13

1 20 11

2 14 46

17 7 50

5 18 19

18 4 29

19 12 42

2 10 48

11 6 23

7 19 19

9 18 19

11 16 47

13 17 31

8 21 10

19 3 43

11 5 31

15 21 21

12 19 43

3 1 17

11 10 31

22 17 21

20 7 19

8 2 47

17 14 11

19 5 32

8 1 24

2 12 20

3 15 36

18 12 46

19 21 10

4 20 13

14 8 50

9 7 45

19 1 25

18 2 50

5 17 27

6 1 20

7 17 36

13 3 36

5 4 23

7 15 31

13 7 12

14 10 10

7 13 14

5 3 15

18 9 16

1 11 14

11 7 10

10 13 18

4 1 34

9 20 45

16 19 22

14 15 25

3 13 27

9 18 12

16 1 18

5 3 20

6 7 42

22 1 48

20 9 10

13 8 42

16 10 44

7 5 23

4 19 25

15 16 37

9 20 32

10 6 31

11 13 14

15 7 28

16 21 11

18 15 33

7 1 46

5 2 10

6 16 18

18 10 34

20 16 44

4 20 49

6 18 29

22 18 45

2 7 40

22 6 28

11 8 22

5 3 38

9 5 48

20 11 38

14 8 11

11 20 39

12 11 41

15 8 17

2 18 41

13 16 31

15 7 31

8 4 40

7 16 41

9 17 29

11 1 15

5 6 46

16 8 10

12 11 39

17 1 49

18 2 44

18 1 32

10 18 28

8 19 13

6 8 28

14 15 43

16 21 16

1 9 48

8 5 13

14 9 16

10 19 33

20 8 32

9 13 18

10 12 11

7 4 21

4 19 31

15 14 31

20 7 22

17 22 48

22 11 49

5 6 24

19 5 22

10 15 24

20 11 19

13 4 25

4 5 17

1 22 14

2 1 10

16 5 11

21 22 15

9 17 24

21 15 35

16 8 15

5 16 29

16 15 22

6 21 30

9 12 29

2 4 11

22 8 42

3 20 24

22 13 25

11 2 17

10 21 45

13 17 26

7 22 18

12 14 44

14 3 36

13 2 33

2 9 45

7 11 10

15 10 14

7 17 43

12 19 29

11 9 27

8 11 41

21 12 15

11 18 39

7 1 13

13 20 34

9 2 10

3 9 18

12 9 32

7 6 17

2 1 23

11 8 21

14 12 19

16 17 13

8 12 22

1 4 39

22 2 26

21 18 13

6 1 30

6 1 10

11 13 43

3 7 47

6 15 35

3 13 38

6 15 16

5 1 13

11 19 28

10 5 11

21 17 50

14 22 41

11 17 27

10 2 29

4 19 48

16 6 46

22 13 50

9 5 37

11 8 39

6 22 43

17 5 43

7 6 38

8 6 10

18 17 22

2 9 38

8 15 26

3 6 43

1 9 22

5 19 33

4 13 13

16 7 16

16 17 18

16 3 35

15 4 22

20 9 24

1 9 20

21 16 10

4 2 29

22 20 44

16 17 36

9 22 22

10 1 20

11 5 34

9 17 17

11 21 44

12 8 33

18 21 20

15 9 15

18 2 14

18 16 24

5 22 23

20 1 36

10 15 37

7 17 37

22 1 46

10 3 43

12 13 21

14 12 29

7 14 21

7 11 33

13 19 15

3 12 22

3 13 45

5 12 21

19 2 41

15 8 33

14 4 12

21 9 25

14 1 25

12 8 28

11 20 28

16 2 49

16 18 37

21 17 11

12 11 33

4 17 31

12 22 27

11 7 32

7 6 20

14 6 10

19 18 39

17 10 28

12 21 39

2 6 33

17 13 29

22 5 45

6 8 40

13 21 40

21 13 39

12 19 27

12 22 41

9 21 15

5 3 35

21 1 22

9 8 15

21 14 31

13 9 33

6 5 12

9 5 39

11 6 39

5 1 44

16 11 48

6 21 49

17 19 13

8 21 14

10 7 21

20 19 23

2 12 50

8 11 20

6 3 15

10 5 16

22 19 28

2 10 36

10 14 43

10 4 36

16 10 27

22 8 32

2 14 45

18 3 35

11 13 18

16 1 45

13 5 44

20 8 37

1 11 15

20 13 48

21 2 28

1 8 19

6 1 24

21 13 42

19 5 46

15 17 19

4 7 42

12 1 32

9 16 31

21 2 39

9 16 19

1 14 21

11 1 31

6 18 48

15 6 49

22 4 29

21 11 40

15 21 31

2 18 35

22 9 31

11 13 45

1 14 45

6 18 19

11 2 32

5 21 17

16 11 13

18 22 48

21 22 48

17 12 36

1 3 50

16 22 50

12 6 41

8 22 10

13 2 34

7 15 31

16 8 21

18 11 19

14 21 16

16 19 37

6 1 40

1 15 18

7 2 36

11 12 49

7 13 10

4 1 41

5 21 19

19 22 24

7 19 12

9 18 12

13 18 28

12 11 50

4 15 43

21 1 12

10 22 10

8 11 44

11 22 16

7 6 46

14 4 32

12 18 44

14 4 37

3 4 41

21 6 19

10 18 22

20 21 11

2 15 18

8 9 41

5 4 32

13 3 35

13 10 34

6 4 30

4 16 30

17 16 28

1 5 29

7 14 47

11 8 41

19 22 28

16 12 13

22 17 21

12 22 11

2 4 46

15 9 29

22 2 23

1 21 33

5 15 43

11 19 40

7 14 28

2 13 16

6 15 31

2 1 38

1 22 30

11 2 49

22 21 35

9 6 39

11 2 20

11 10 43

20 14 15

8 20 43

7 9 27

13 4 50

6 3 36

10 18 14

7 20 42

1 6 11

11 8 14

14 16 12

17 20 29

11 4 29

3 17 45

14 6 33

17 1 34

4 20 45

20 21 48

20 12 32

20 15 30

6 19 37

10 13 12

11 5 12

7 3 11

12 16 10

5 20 32

14 11 41

17 4 40

18 12 22

20 5 36

18 5 38

17 20 14

22 2 33

12 6 42

16 9 20

5 12 45

13 9 25

9 19 18

22 20 41

18 6 44

15 10 32

16 22 31

20 16 24

14 20 26

10 4 34

4 14 30

4 19 38

21 5 17

17 4 38

17 14 12

1 14 27

17 11 28

13 9 48

14 19 44

9 7 13

5 4 43

9 10 26

21 17 47

13 4 16

11 2 10

22 21 16

16 7 18

20 16 45

15 17 38

21 6 42

10 21 30

21 5 46

13 3 28

8 18 48

18 22 30

2 21 42

1 12 34

19 1 17

4 3 28

5 11 49

12 11 19

6 19 29

3 21 16

9 22 10

13 5 35

9 5 16

8 19 40

4 22 19

18 7 49

8 19 31

13 7 28

17 20 30

20 21 50

9 10 17

15 16 12

2 16 39

3 10 24

20 18 49

18 12 47

10 3 20

22 10 44

22 17 47

21 13 14

7 17 13

14 8 15

18 20 17

17 6 18

20 10 24

21 22 18

8 6 26

17 2 45

6 22 42

15 2 47

19 17 17

15 22 15

3 10 35

20 1 14

2 14 19

2 19 37

9 17 46

9 1 34

17 2 38

1 10 48

19 14 43

1 13 29

6 16 11

15 22 38

12 18 32

3 12 29

2 10 46

18 10 40

20 18 13

5 6 44

16 14 38

6 20 26

11 9 34

11 15 19

17 3 33

21 20 27

19 11 21

22 11 47

22 12 47

18 11 36

9 20 21

8 17 40

1 6 34

2 16 41

5 17 45

7 21 35

4 13 22

6 22 47

2 20 30

11 4 50

16 20 23

7 12 34

13 9 12

11 8 47

14 13 26

17 21 17

10 9 45

8 19 30

20 13 26

3 12 49

18 10 15

15 5 16

7 18 50

8 9 48

6 17 29

16 5 11

10 16 48

5 15 12

15 11 11

1 3 36

12 5 41

8 20 22

14 4 48

2 12 32

10 8 33

22 12 50

3 9 10

12 10 20

3 21 12

5 13 39

3 5 47

11 12 46

14 5 17

3 15 50

6 17 46

3 16 27

4 12 27

8 1 35

9 5 27

11 6 35

6 13 44

18 2 22

5 22 44

11 16 19

10 18 40

1 6 11

17 11 19

16 8 12

14 19 27

11 4 30

18 20 32

16 20 25

22 14 34

14 17 48

17 10 17

4 19 10

22 14 41

17 16 22

9 19 48

22 15 11

14 5 25

19 9 40

18 19 46

1 5 16

6 18 50

22 6 32

8 3 27

7 14 23

11 19 27

18 13 36

5 10 30

16 15 14

4 22 24

12 4 49

13 6 32

20 7 47

8 10 10

22 13 49

19 17 22

5 16 39

6 8 11

17 19 32

22 13 19

17 6 12

22 15 30

3 7 45

11 22 15

11 7 29

3 15 49

7 8 37

21 1 27

8 11 14

6 9 25

6 16 42

16 18 28

9 2 49

17 1 43

13 8 25

10 18 46

20 3 13

8 20 48

19 7 25

1 12 37

18 22 48

19 7 24

3 1 16

15 17 24

11 17 25

7 19 16

8 11 41

21 5 36

12 5 46

1 12 40

17 4 24

21 10 19

15 6 26

20 12 17

11 19 21

14 20 28

8 13 34

2 19 24

3 11 21

4 18 47

7 21 11

9 20 15

20 10 35

5 3 13

11 20 48

12 8 32

8 10 15

6 22 12

14 8 44

3 14 35

21 12 35

1 4 45

2 19 47

4 20 39

4 12 37

3 5 20

9 14 47

18 9 46

10 11 35

22 20 49

20 19 15

17 3 14

17 13 13

11 3 40

16 22 28

10 7 24

18 14 20

21 16 42

7 19 29

6 2 29

2 3 28

12 16 17

20 21 50

1 5 39

16 15 18

9 14 36

4 19 27

9 14 40

9 21 23

17 9 46

6 4 31

18 5 26

16 19 18

12 21 20

22 2 44

15 1 15

9 6 45

22 2 35

7 10 37

3 4 12

11 15 16

21 1 12

21 17 13

6 21 23

16 1 25

10 17 27

19 9 41

7 1 24

7 13 29

10 11 40

3 2 25

6 11 14

10 18 36

11 8 29

14 4 12

6 5 25

14 7 31

8 15 45

16 13 16

21 9 39

19 16 39

18 2 46

15 1 32

15 6 18

5 15 30

1 6 44

20 5 50

6 8 16

21 11 23

19 18 37

9 17 50

12 16 31

4 3 28

22 19 30

19 16 40

3 12 13

14 10 29

10 4 27

6 9 29

16 4 13

21 4 23

11 17 19

22 5 35

1 19 34

8 22 11

12 9 49

22 7 32

12 19 26

9 12 43

4 22 16

13 8 25

10 13 41

20 22 33

9 8 20

2 18 21

15 9 25

5 7 34

22 6 15

20 4 30

21 14 28

17 5 42

14 11 11

11 18 28

22 10 47

20 6 21

11 17 31

9 2 14

10 1 31

17 4 34

11 7 50

1 8 36

5 22 27

11 15 23

1 15 21

14 7 25

13 4 46

12 10 14

6 5 14

1 16 26

10 15 40

22 4 21

20 4 32

18 16 30

18 6 21

20 22 16

15 19 30

3 2 29

5 15 46

15 6 21

21 5 43

8 9 48

3 1 35

2 16 38

13 11 29

6 10 12

10 18 35

1 19 18

4 14 17

7 17 41

19 21 43

6 18 27

9 5 35

2 16 49

14 15 33

9 14 45

8 21 18

14 2 12

20 7 21

17 10 19

14 1 43

2 9 18

12 7 35

17 13 36

2 13 22

15 2 26

13 19 29

6 3 43

16 5 30

14 8 26

7 16 39

6 11 25

22 10 13

3 10 14

20 11 24

22 11 22

16 9 21

21 20 40

18 4 10

4 3 50

9 14 44

19 4 49

8 21 34

4 16 16

2 7 41

5 19 39

10 16 34

4 21 24

3 5 10

16 14 27

4 6 10

4 6 28

20 9 48

7 12 36

14 16 34

7 20 49

20 3 11

11 9 23

3 21 12

12 22 21

4 15 25

7 5 48

19 4 24

2 16 13

15 16 16

8 11 24

6 11 22

4 16 28

4 2 35

1 12 28

10 16 11

11 19 32

14 10 48

15 2 41

12 2 19

13 22 23

13 8 35

16 6 47

8 4 18

5 14 40

10 1 39

14 10 45

20 21 42

15 4 11

12 5 34

22 4 12

14 11 15

5 14 21

1 15 34

12 1 35

7 1 17

8 6 44

20 16 50

19 16 50

21 14 40

15 9 46

9 19 46

12 15 47

18 1 14

13 20 35

22 12 16

1 10 44

19 17 16

21 5 33

19 2 36

18 19 37

15 8 43

4 14 11

3 18 26

17 10 48

12 19 42

6 22 31

20 13 24

14 3 34

9 5 48

18 20 22

5 10 11

19 6 16

10 22 26

12 3 13

20 8 13

4 13 16

10 8 10

11 9 22

6 15 24

11 4 14

20 17 16

5 1 25

19 17 15

10 16 39

8 9 27

12 19 36

17 9 13

19 15 31

10 2 37

8 17 16

4 6 49

17 2 23

5 8 33

19 8 42

19 10 50

1 6 36

16 2 20

15 14 40

18 5 14

17 15 20

5 13 16

11 6 47

13 3 22

12 20 41

19 9 35

13 14 24

8 4 45

4 2 47

16 2 17

6 15 21

9 10 27

20 2 13

17 13 25

22 14 37

10 22 16

17 20 35

10 5 39

18 4 12

21 15 32

20 10 41

12 11 27

1 21 34

16 21 42

20 14 21

10 7 50

8 5 17

2 5 47

13 11 35

1 22 31

9 22 25

8 3 39

1 9 35

7 16 44

8 1 37

18 12 16

20 15 35

13 7 11

2 10 44

4 19 37

6 5 20

2 3 41

16 2 20

8 19 44

16 13 14

16 11 24

18 1 35

4 16 22

11 3 18

2 15 11

6 20 23

12 16 40

20 22 42

18 2 48

10 3 35

1 9 15

9 4 14

3 21 48

20 13 26

17 18 43

12 22 43

18 16 13

5 3 45

7 18 49

11 21 49

10 15 42

4 20 19

4 13 13

5 1 26

15 12 14

19 17 10

5 2 49

5 1 23

20 6 29

10 5 13

8 13 42

1 16 13

10 1 19

9 15 46

2 11 26

7 15 13

4 14 17

22 14 41

19 14 48

14 21 22

19 7 14

11 2 17

13 6 21

16 2 50

10 22 44

14 10 15

9 6 21

17 19 17

11 9 14

16 19 18

7 17 32

19 20 25

17 2 23

10 20 39

8 1 41

19 4 11

8 10 41

10 11 42

2 11 35

5 18 10

11 2 44

22 13 26

14 12 20

19 12 30

15 11 36

6 14 48

2 3 30

12 20 26

4 2 49

9 19 10

4 19 14

1 14 30

12 21 43

17 8 29

9 4 27

5 12 46

2 13 38

9 4 47

18 12 15

4 6 35

6 17 35

16 21 20

7 13 41

8 20 24

6 18 13

6 1 17

16 20 18

18 20 14

21 6 38

22 5 48

22 2 50

18 22 11

16 13 10

14 12 27

1 10 46

18 4 14

20 6 38

8 7 12

22 6 15

7 15 48

5 2 48

13 6 25

17 2 24

21 10 45

14 13 21

22 1 16

15 16 42

22 1 13

19 7 16

4 7 36

6 13 24

13 20 32

20 5 31

4 11 16

8 14 38

22 7 25

8 22 30

7 15 45

15 8 23

9 19 42

18 11 38

6 9 34

7 12 32

6 11 50

9 19 43

5 9 14

11 4 46

19 7 13

2 12 41

12 18 43

13 21 39

17 9 21

17 2 43

5 15 46

15 14 39

10 2 13

16 13 28

7 8 47

11 14 46

10 14 49

7 17 17

19 22 19

19 8 20

15 20 24

10 5 27

14 8 35

2 4 20

14 10 39

13 17 26

14 15 21

7 15 23

21 16 40

10 16 32

20 1 23

3 18 14

11 18 37

3 20 41

6 15 37

10 6 19

16 19 12

8 21 29

20 6 43

9 21 11

12 20 21

10 5 11

2 14 42

22 5 11

8 20 35

8 7 33

3 16 24

12 2 20

1 21 27

7 13 29

3 12 16

19 1 48

10 13 48

10 15 44

15 3 10

2 17 44

12 13 50

20 8 17

14 22 10

12 20 28

18 10 35

13 3 34

12 20 12

17 7 19

15 7 19

17 13 46

18 7 22

15 7 16

13 4 21

20 21 40

2 1 20

19 10 35

2 4 41

20 6 31

9 22 45

16 12 18

3 8 28

5 8 46

1 8 24

6 2 48

1 10 23

1 14 11

1 19 23

5 21 43

15 18 32

8 10 33

21 7 47

16 2 41

16 5 14

13 6 34

15 12 42

4 17 13

18 14 18

10 20 47

3 11 33

10 16 30

17 14 49

14 8 20

1 9 35

22 19 13

12 3 15

13 1 28

12 3 21

22 11 43

22 12 48

9 17 25

2 9 31

11 21 11

14 10 42

11 18 23

12 9 17

7 12 43

19 4 45

22 10 48

7 10 46

6 19 21

10 18 33

6 3 22

19 8 29

13 11 30

9 1 45

20 11 48

6 12 20

17 7 23

13 18 10

17 13 39

21 13 50

13 5 49

8 5 17

21 8 49

17 8 41

7 19 35

1 6 24

1 21 36

8 11 43

19 5 12

6 22 35

18 14 44

12 11 23

22 12 32

13 6 47

2 21 50

11 7 43

9 11 27

10 17 48

4 1 23

11 21 29

7 21 50

8 6 16

20 14 31

10 2 30

5 2 22

9 16 49

6 4 19

17 18 37

7 15 22

10 2 16

15 17 50

8 15 30

13 6 40

19 16 30

17 4 30

8 1 45

5 17 11

22 21 46

4 19 48

14 18 16

15 18 47

20 6 48

22 3 35

8 7 22

13 15 44

3 11 27

10 11 19

5 3 11

22 20 17

16 9 16

12 22 13

20 2 38

17 9 48

11 22 23

14 8 27

21 3 37

12 16 48

12 11 27

17 20 25

5 2 11

6 16 48

9 12 28

22 12 41

17 16 38

3 22 17

21 7 35

3 7 40

8 19 25

22 15 28

15 22 22

14 7 50

16 13 25

12 4 25

1 3 28

17 12 35

1 12 14

1 3 43

2 15 27

6 7 48

8 5 20

17 4 46

11 20 21

5 21 50

9 20 23

1 3 34

18 20 26

13 1 14

22 14 25

8 14 48

21 1 45

12 13 49

8 2 12

5 16 32

13 21 48

7 3 47

20 5 49

7 9 21

4 16 30

9 4 21

15 19 10

8 18 37

13 18 43

19 2 47

12 14 34

7 19 26

9 14 19

12 13 23

2 9 46

12 11 27

5 22 43

21 20 45

22 18 17

17 13 12

17 14 31

3 19 29

1 11 46

5 9 40

14 13 10

20 14 18

16 14 10

12 17 49

7 8 27

17 2 19

13 21 11

16 3 27

11 6 47

17 13 45

19 4 32

2 7 31

7 18 16

9 11 36

16 9 20

6 17 45

18 12 29

2 12 46

7 21 21

16 15 34

19 12 26

2 4 22

4 3 21

12 5 40

20 17 38

13 4 24

8 14 23

18 17 44

18 10 26

14 1 36

9 15 20

9 17 12

14 13 35

22 12 24

18 6 27

21 4 26

4 14 49

1 19 12

9 2 34

16 11 36

15 19 29

11 18 44

14 13 42

17 8 34

10 14 19

1 18 25

21 14 47

6 12 45

12 5 19

22 3 46

1 6 10

14 17 29

21 1 31

5 15 17

16 11 50

10 14 39

1 5 17

17 1 11

1 12 14

18 15 36

16 17 41

5 20 39

2 4 42

13 3 25

20 17 33

3 13 35

7 4 17

22 7 27

21 2 14

14 4 28

20 9 50

14 20 27

19 13 46

5 13 44

11 12 28

18 20 13

18 2 27

15 19 47

20 6 34

13 10 47

22 11 15

1 20 11

10 3 12

3 2 38

19 9 42

20 16 26

10 15 28

10 18 16

2 17 20

9 1 38

8 10 15

4 20 47

1 5 25

8 14 36

22 9 48

6 7 28

19 8 41

12 10 23

19 21 37

4 5 31

13 10 42

7 14 40

2 16 38

11 13 22

3 22 44

5 12 14

16 6 45

14 8 12

18 21 36

7 1 50

1 22 47

12 19 19

12 21 34

21 3 36

13 12 23

3 17 48

8 15 27

6 2 38

10 19 47

14 4 48

4 15 13

18 7 27

9 14 49

14 8 11

11 16 38

5 9 41

18 4 40

4 16 11

22 11 30

17 8 21

15 21 39

1 20 39

13 12 26

14 13 14

18 17 37

19 3 11

16 12 29

19 10 32

12 9 50

13 12 35

4 19 38

3 20 10

7 15 41

7 11 26

18 1 43

8 11 25

13 14 23

21 16 14

14 12 33

17 11 42

10 2 15

11 9 29

16 15 40

16 9 19

17 21 27

5 16 43

14 4 48

12 3 50

22 15 35

3 21 29

22 8 49

9 1 19

12 20 49

4 1 37

11 18 27

4 10 33

19 15 31

19 2 12

1 7 38

15 17 18

2 12 27

2 17 46

8 6 30

3 5 45

6 8 24

2 19 41

9 2 19

4 11 44

16 7 35

6 13 22

18 14 11

7 1 19

11 15 44

17 19 46

4 20 30

13 2 37

18 16 26

8 17 37

4 15 46

10 19 29

5 19 39

3 2 23

3 4 23

1 3 31

5 12 12

22 1 40

20 8 21

5 8 23

17 18 21

17 4 50

2 6 42

1 9 16

17 22 41

6 12 14

14 9 21

4 20 28

6 5 42

6 22 21

22 18 28

12 4 10

17 4 50

9 15 33

2 19 47

21 8 41

18 11 34

19 5 21

1 21 41

20 21 32

5 22 30

11 2 22

3 20 33

15 13 32

15 19 17

3 10 33

9 5 42

16 8 15

14 3 33

12 7 45

14 13 25

22 17 11

1 10 46

15 16 43

3 21 29

8 13 40

1 15 39

4 1 50

10 18 21

19 16 19

20 8 50

13 6 46

5 7 43

18 7 50

2 1 20

10 13 44

6 15 11

20 8 16

22 19 28

4 9 19

17 20 40

7 14 39

8 13 10

13 22 25

17 21 46

15 21 47

8 12 36

15 17 25

13 18 27

17 14 18

21 8 48

20 18 32

18 13 34

15 21 26

5 17 39

8 21 34

7 22 39

16 1 26

19 1 35

7 5 25

14 16 38

12 22 33

17 22 42

10 16 30

11 6 43

5 22 47

13 14 36

9 3 38

16 11 43

14 1 46

12 18 11

9 11 30

18 21 44

20 12 40

2 18 33

22 21 14

11 13 10

14 13 49

7 12 23

17 4 29

5 21 39

20 13 28

8 1 11

9 7 28

15 11 39

1 5 14

12 15 34

20 1 25

1 15 46

14 16 46

5 10 47

4 6 48

3 14 39

7 2 34

14 15 39

10 5 28

20 8 35

3 21 34

12 4 36

1 10 23

7 16 29

2 16 25

4 11 27

13 21 46

7 5 32

21 12 21

20 7 30

1 3 12

14 3 17

21 4 43

4 7 25

14 10 28

16 15 36

6 21 16

2 5 44

7 4 46

13 20 49

3 19 27

12 19 20

9 14 50

17 12 48

19 2 37

12 8 29

1 19 23

11 15 49

19 4 19

14 12 34

21 11 21

12 21 19

19 13 36

11 16 11

20 17 16

19 13 27

8 17 20

8 9 50

15 22 48

3 4 46

14 16 44

4 12 45

19 12 25

22 11 41

13 12 16

1 5 22

19 8 33

8 2 46

9 18 13

1 19 29

17 20 43

12 13 48

18 11 31

11 14 10

15 9 18

9 3 41

21 4 48

17 4 20

17 11 40

2 7 41

7 19 26

13 8 14

11 19 32

10 17 34

9 15 18

7 8 36

11 7 30

3 17 50

14 5 29

8 21 44

9 11 48

22 1 31

15 22 44

18 20 33

6 13 43

11 18 29

18 22 39

20 7 18

1 22 10

19 6 27

9 17 42

13 11 44

11 10 12

10 19 30

14 5 37

16 4 36

21 10 45

20 7 36

3 7 23

14 16 32

6 13 21

12 11 21

21 4 47

20 3 12

10 4 34

8 2 18

14 3 28

18 20 22

15 12 10

4 9 34

10 19 26

18 12 24

17 1 21

20 21 32

8 12 30

12 17 32

18 13 45

9 7 15

17 1 26

18 14 20

20 11 28

3 15 38

1 8 25

13 14 44

10 4 47

11 21 14

22 6 22

1 12 46

1 6 28

1 21 17

12 14 25

12 9 11

4 3 32

15 7 42

7 10 17

13 4 19

16 12 44

5 10 18

20 3 26

8 7 47

2 20 36

15 18 14

14 8 19

3 5 24

5 17 34

18 17 23

17 20 17

6 4 44

16 15 35

7 2 29

2 19 26

14 20 23

22 16 16

14 18 33

17 3 12

11 22 15

5 22 19

4 13 48

12 9 11

3 10 40

7 4 42

21 15 10

13 7 39

21 9 19

13 19 44

7 15 16

18 13 20

14 3 44

15 19 49

14 22 22

10 11 49

20 21 33

22 2 31

5 4 44

18 7 43

12 9 46

10 6 11

18 7 36

18 22 42

16 18 50

12 18 49

3 15 12

18 3 50

17 5 23

9 20 13

5 20 11

8 15 22

1 10 12

12 9 21

7 15 17

1 3 15

18 11 30

19 15 39

20 8 22

20 4 28

2 4 20

17 20 17

16 21 48

22 11 26

15 17 34

10 16 10

10 1 13

5 16 44

11 10 14

5 21 39

4 15 20

9 4 16

12 16 35

4 22 21

3 13 21

10 18 36

4 19 49

3 16 35

8 1 10

18 6 10

4 22 26

7 17 18

9 15 35

22 8 21

6 8 42

20 7 48

17 11 28

7 5 50

3 12 27

16 7 25

1 2 39

16 14 50

16 15 20

21 15 37

22 13 13

4 16 25

11 2 37

10 18 20

16 20 36

11 2 43

14 8 29

8 15 15

15 4 41

1 22 21

15 11 36

13 10 42

5 22 43

12 6 41

11 21 29

8 9 27

7 21 20

3 13 29

1 5 34

4 3 20

4 5 48

14 10 22

12 5 31

22 17 11

9 16 33

2 8 16

22 19 13

16 22 13

22 11 47

15 5 25

10 16 31

20 7 29

15 5 32

15 9 14

16 15 27

16 18 16

17 7 44

2 12 38

5 9 50

16 15 35

17 16 35

10 22 14

2 4 29

5 16 17

16 12 47

15 12 10

21 19 29

16 10 43

5 19 17

17 11 12

19 9 10

16 20 15

3 17 44

14 16 36

11 8 28

21 14 19

10 5 11

11 6 41

9 2 16

7 11 30

16 8 21

5 2 13

20 15 38

21 20 11

9 2 12

13 14 20

1 10 23

13 16 11

14 1 32

4 10 24

12 13 27

4 17 13

11 10 41

9 22 43

11 9 27

13 8 16

20 13 31

12 18 34

19 9 39

10 9 48

22 3 37

22 20 23

19 15 23

9 13 38

15 8 16

12 21 34

19 18 48

9 16 35

19 13 47

11 9 45

8 7 10

20 13 45

2 10 40

5 10 43

14 18 43

6 16 16

15 6 49

2 22 21

2 22 31

2 19 11

21 14 50

21 14 48

13 14 35

19 21 50

10 17 38

15 20 46

10 11 40

3 18 46

18 7 46

19 11 41

21 8 23

11 15 33

14 15 20

2 11 33

14 19 30

16 18 15

14 21 15

15 18 22

17 5 27

17 3 38

3 15 13

22 19 24

22 6 31

19 15 22

22 19 11

17 6 25

19 14 48

19 7 30

10 17 35

5 4 27

10 3 23

14 7 45

21 12 18

2 22 18

15 22 12

18 13 34

1 4 34

14 18 16

2 4 19

5 18 26

21 16 43

2 9 39

17 4 22

7 19 24

18 20 30

19 7 11

12 7 14

1 16 47

8 4 26

4 16 40

11 7 42

16 17 39

8 18 11

19 1 44

6 22 20

20 11 43

12 22 38

18 16 28

14 12 46

9 3 36

7 12 16

16 1 21

12 1 27

16 21 35

13 11 40

9 6 40

18 8 50

21 1 23

18 13 38

15 13 22

8 1 40

19 3 25

15 8 36

14 9 45

3 21 34

10 18 35

21 18 48

17 18 19

19 15 32

7 3 41

21 15 28

2 5 22

11 2 45

20 5 18

1 16 37

4 5 39

21 18 19

6 3 18

4 11 18

19 7 20

11 16 15

11 22 28

18 10 31

18 16 12

1 18 44

15 11 28

1 2 23

4 3 42

19 18 30

7 15 36

5 14 47

15 20 24

18 8 11

19 6 11

19 10 16

11 12 44

3 19 27

2 3 27

22 2 49

8 12 24

21 6 12

13 19 17

12 9 23

4 19 44

6 16 25

10 18 12

13 7 18

3 17 31

7 11 28

6 15 21

3 10 12

19 11 31

18 2 21

13 6 15

11 19 21

8 12 30

15 13 12

7 20 10

7 10 46

21 4 15

2 19 48

6 21 17

9 12 12

5 17 11

12 7 16

16 6 30

2 4 25

16 4 36

6 15 33

17 9 50

1 22 15

3 11 28

15 2 34

10 1 17

7 14 28

11 4 36

5 10 43

22 2 44

13 2 34

18 19 48

17 8 47

1 18 16

3 17 18

2 14 37

17 10 40

18 21 11

21 17 43

4 3 44

13 16 28

12 2 36

4 10 30

21 9 25

2 14 41

6 2 10

5 7 34

10 11 49

9 13 40

18 9 35

10 14 28

11 19 36

10 22 13

2 12 43

13 10 48

14 3 26

14 21 30

21 9 41

5 20 27

17 20 17

12 5 39

11 18 19

18 20 28

11 21 20

14 9 38

7 22 24

12 5 49

6 10 27

17 11 42

1 20 10

15 4 13

7 13 12

12 16 39

15 9 14

14 15 30

15 3 32

10 9 18

11 19 19

19 20 18

12 10 13

7 19 40

11 2 39

16 13 13

5 12 35

22 3 16

16 13 42

15 21 28

22 17 44

6 22 46

22 14 44

2 13 47

14 17 27

4 19 26

19 6 42

8 22 12

20 5 15

21 22 31

11 16 34

14 22 45

21 18 40

17 8 21

15 17 19

16 19 25

11 8 46

10 19 15

8 5 18

20 7 33

8 19 39

1 20 17

9 22 22

15 5 10

7 2 22

22 13 30

14 21 42

14 13 12

15 1 43

16 17 47

7 22 20

1 8 30

14 18 10

6 1 46

15 14 11

4 19 27

17 16 25

8 11 48

13 6 31

10 22 44

21 22 26

16 20 14

19 18 49

7 11 33

17 9 48

20 18 31

7 17 38

8 9 49

3 11 29

19 21 39

13 5 42

7 1 32

2 7 41

12 4 36

10 20 25

8 3 49

16 4 34

3 6 35

15 11 13

5 11 23

21 1 17

12 7 29

12 15 15

22 19 17

7 19 46

17 10 22

6 10 27

18 12 11

5 19 34

22 4 23

19 13 12

5 4 33

19 15 38

1 9 40

15 3 22

22 8 38

1 5 33

14 13 32

2 13 36

17 8 44

1 9 50

8 2 25

21 11 10

17 3 27

11 19 19

19 9 47

16 4 48

20 19 39

15 21 25

11 18 11

21 11 31

17 14 21

6 8 28

2 12 21

20 3 22

18 9 26

12 14 36

12 22 41

22 13 18

22 4 18

19 1 27

15 10 36

7 22 12

8 1 33

13 21 44

8 2 20

18 8 18

9 5 22

10 18 41

8 4 47

7 8 47

17 7 36

8 21 48

13 9 15

16 5 46

15 13 28

5 15 36

16 18 31

19 6 40

5 19 28

15 21 12

19 4 16

6 20 27

1 8 33

7 17 40

7 2 27

11 3 22

9 22 13

4 3 14

16 10 38

12 21 12

6 5 28

16 13 14

4 16 35

14 19 25

20 4 17

16 8 46

14 10 42

7 4 23

22 15 14

15 16 25

11 19 21

8 18 13

7 14 26

12 19 11

12 8 17

2 7 27

19 20 28

16 7 31

20 9 25

22 4 50

15 13 25

7 4 50

1 3 42

14 22 17

16 20 46

5 3 31

10 22 43

9 4 34

10 15 40

1 10 12

20 1 10

16 20 45

10 9 50

5 17 32

12 13 47

18 7 42

21 10 35

21 2 47

1 6 41

2 20 41

11 6 42

20 13 46

5 8 35

9 19 37

2 22 23

18 2 43

10 3 27

3 1 10

6 14 40

4 20 43

18 19 17

6 3 41

4 16 33

16 8 27

20 14 12

2 5 13

8 9 38

8 11 17

5 4 35

8 13 11

15 16 10

20 5 26

9 1 33

14 2 21

22 19 46

18 15 21

15 19 44

2 18 17

6 17 33

13 9 29

21 20 17

6 22 19

11 7 27

11 21 50

12 6 16

