25

4 7 8 3 4 8 2 3 8 4 3 9 8 9 8 10 8 1 4 10 10 6 1 5 7 5 10 1 5 6 8 3 2 7 9 2 5 8 4 2 9 3 4 6 4 5 9 9 2 9 3 2 6 2 4 1 1 9 4 8 9 8 9 1 2 6 3 2 4 5 10 7 8 3 6 1 4 8 10 10 9 9 8 1 6 9 1 2 4 5 7 4 5 7 3 10 7 2 4 8 9 1 9 2 7 9 8 1 6 1 7 4 8 3 7 10 5 2 8 2 10 4 4 8 10 2 7 7 10 1 9 6 7 5 6 5 6 7 1 6 2 4 10 10 1 4 5 10 2 9 7 7 7 2 8 8 3 10 1 4 9 6 3 9 4 8 1 3 7 7 6 4 2 5 7 2 8 8 2 9 4 4 4 4 2 9 2 2 10 5 2 2 3 8 3 9 3 7 1 1 5 4 8 6 9 2 7 2 5 3 3 5 2 4 1 7 3 3 9 10 4 4 6 4 8 1 10 8 9 8 1 10 8 3 3 5 1 7 6 9 10 4 7 9 9 4 3 5 10 1 6 10 4 4 10 9 2 6 4 4 1 4 6 8 2 7 4 7 8 4 4 4 4 4 7 1 6 4 8 4 10 9 6 2 7 2 8 9 7 3 9 10 7 1 6 2 2 3 9 6 

14597 14854 9855 7493 8946 9665 11344 8192 14992 14138 10562 13052 5660 8788 11523 13117 7535 10469 7337 13414 11960 7945 9626 14191 11572 13665 7890 7305 5489 12954 11387 8193 12586 5967 8633 10564 13761 9575 12576 10523 10941 6093 12678 9176 12653 13278 8679 7929 13443 5275 14659 8681 7155 7440 6131 11884 12168 8790 7432 9084 10000 14696 11361 12921 7448 8939 8180 6845 6356 8666 6462 8808 14443 7966 13963 8068 5252 5804 12770 11900 5191 11875 9265 9479 10879 9562 6131 13518 10593 8640 10565 6301 9454 11634 10155 5722 9190 6778 5465 8627 9793 7474 6244 13311 12202 12752 6441 10389 8270 5839 11681 11405 6693 8199 11721 7527 11318 14565 9567 6482 11325 10443 8353 14465 11136 7308 6909 11189 11567 12281 15000 10476 12776 8494 9623 5796 13814 9506 14486 10069 13260 6171 5765 11654 10299 7164 8652 13973 5897 5022 10767 14483 9237 7993 10549 9822 5477 14243 10969 7865 7091 9053 11504 14166 12475 7524 14236 9784 12402 14992 13109 9876 6960 14863 8950 7559 13062 8947 6665 5574 5364 8418 5172 9035 11483 14558 5127 6169 5763 7158 14242 10372 14545 5037 5074 6111 9849 7506 5633 13286 7748 7827 8756 9461 12247 9719 12339 7102 5493 5763 8762 13385 10348 12232 8565 13459 11885 8273 10329 14157 10323 8683 6049 14020 8986 8539 8847 7296 7470 14854 7762 14052 11933 5141 12599 5922 11577 5245 10310 7205 12828 9137 13256 13928 10438 11527 8800 9370 7814 10047 9198 13092 7226 7568 10483 11934 14262 6746 9167 5709 9842 8301 5942 7312 7465 11724 6319 6857 12937 12116 9130 12099 8776 9681 5188 12887 5759 9038 10031 5678 9577 13959 6629 5251 11488 9399 6257 14669 8016 6763 8252 11271 6222 10234 12343 6028 7921 11669 10406 5921 

20 3 44

16 9 35

25 3 39

1 8 10

13 5 28

4 23 42

20 7 49

7 5 40

10 17 20

17 22 12

8 19 11

18 14 36

15 14 29

8 5 17

23 18 17

12 15 50

10 3 38

4 20 39

8 22 49

15 18 19

13 22 47

1 12 33

12 22 12

7 8 36

23 14 21

1 9 30

19 22 22

16 13 44

20 21 28

22 20 22

24 17 25

22 13 27

19 7 43

22 6 21

23 1 35

17 10 27

18 6 36

2 24 19

24 7 44

7 12 35

13 23 49

24 2 47

13 15 44

25 20 30

9 5 27

22 17 13

5 19 23

18 2 17

12 7 13

3 14 50

16 13 32

21 10 21

4 23 27

25 12 41

24 4 49

2 13 15

12 4 50

9 4 31

22 24 14

17 12 13

10 4 50

6 15 34

8 20 16

24 16 24

13 7 16

1 3 29

21 20 32

15 18 26

16 13 31

18 21 21

5 20 20

20 5 32

18 22 45

6 3 14

5 12 21

12 8 11

2 11 47

24 20 21

6 22 13

9 1 49

2 20 15

10 23 39

5 16 12

14 5 12

19 15 11

4 16 41

14 15 23

5 16 27

6 10 43

2 4 44

3 19 21

20 17 33

4 23 48

13 14 45

9 8 20

16 10 16

6 4 50

20 24 45

2 8 49

18 25 19

14 6 44

8 11 20

5 1 18

16 17 50

4 25 38

23 4 21

8 2 25

17 20 47

19 18 13

22 15 12

5 22 11

19 10 16

16 2 31

20 8 21

1 19 49

13 19 29

10 25 41

5 22 20

2 25 14

24 9 45

8 11 30

9 22 29

23 8 22

25 23 49

7 8 39

12 4 35

16 1 35

14 15 13

4 20 34

15 25 48

8 22 49

16 15 10

23 15 11

20 12 39

16 1 45

6 11 29

13 3 33

25 3 28

25 4 34

5 7 18

24 9 13

1 24 10

25 8 42

11 6 24

6 10 50

21 23 20

19 17 35

21 2 38

7 6 14

13 10 13

3 14 41

20 16 44

6 21 32

8 17 27

15 12 27

2 5 48

20 14 25

9 16 30

22 25 21

1 2 22

14 12 11

24 11 19

15 1 11

5 9 31

19 21 34

1 17 19

20 1 25

19 6 48

1 13 10

20 19 47

21 24 25

1 21 20

4 12 28

12 21 11

18 9 37

17 1 20

17 2 41

24 20 25

11 7 38

22 13 50

18 1 38

11 7 35

15 6 39

15 3 38

14 15 33

6 21 17

5 1 31

16 4 11

25 22 30

22 1 46

17 11 49

10 9 45

8 23 44

9 16 27

17 22 44

20 15 43

10 20 43

18 6 32

1 23 30

11 15 34

6 3 38

7 3 17

21 11 32

13 24 15

4 18 25

21 17 13

3 25 14

14 21 37

19 25 33

13 18 34

22 21 41

10 20 11

6 4 13

15 25 40

13 1 23

3 15 23

6 22 41

20 5 37

6 19 37

22 19 35

20 7 24

4 8 47

2 24 38

14 17 24

3 4 14

13 17 43

24 13 34

6 19 32

1 19 46

14 11 36

10 7 14

19 23 35

1 18 16

20 14 50

12 3 16

9 3 46

10 14 48

22 21 15

3 21 31

18 23 37

3 15 20

18 25 49

19 3 43

7 2 10

9 10 39

2 24 16

22 3 44

15 19 50

18 4 46

5 24 10

12 11 35

7 1 17

2 7 46

9 12 42

18 23 16

17 3 26

16 12 40

12 4 43

19 25 13

23 12 24

5 16 19

6 13 43

7 6 32

19 16 30

18 1 36

6 21 35

9 17 34

18 7 42

2 5 30

3 23 35

11 25 37

15 4 46

8 20 19

18 16 29

1 14 44

5 18 26

18 19 22

5 1 13

23 17 21

5 16 38

23 13 31

21 25 19

8 11 42

8 10 46

24 22 11

8 5 50

6 18 26

10 25 18

23 3 18

10 4 33

17 19 18

4 17 10

19 11 27

23 6 13

4 8 41

10 14 12

17 18 43

17 12 43

2 8 44

19 8 46

5 7 29

5 7 16

5 4 42

9 14 47

20 4 33

21 24 49

9 16 48

2 7 42

5 15 32

24 12 34

4 23 27

1 12 36

1 5 14

23 2 42

18 3 33

23 22 45

21 14 40

22 11 39

20 15 16

10 13 20

5 12 48

10 22 41

16 23 14

2 9 26

21 12 24

14 5 39

13 19 11

19 24 19

11 15 36

15 21 43

15 24 48

23 19 33

7 23 12

11 8 41

1 11 13

12 22 49

6 18 35

13 6 23

8 2 27

10 25 49

22 19 25

16 5 39

21 9 46

23 1 23

14 7 41

19 17 15

23 16 19

8 21 39

6 12 18

25 8 19

2 21 38

2 22 24

17 1 36

6 9 23

3 22 50

6 21 22

25 22 32

23 12 44

2 7 25

24 13 43

6 18 37

8 21 31

22 1 44

3 20 33

13 1 31

11 9 30

15 17 19

2 11 30

2 19 13

11 7 47

8 10 24

15 19 31

16 4 16

9 11 41

16 14 26

9 5 39

6 23 33

22 2 23

8 17 48

2 24 31

14 21 46

12 19 48

14 5 18

17 4 29

2 11 26

20 5 49

10 5 25

16 20 45

19 18 34

25 4 48

12 2 26

15 9 26

25 18 44

8 15 33

24 12 29

3 22 17

23 1 10

12 21 24

3 24 50

21 1 21

11 2 17

19 5 49

23 3 50

18 2 13

19 4 43

2 22 30

22 9 32

6 13 33

15 22 25

6 15 36

3 2 33

13 24 15

22 8 49

23 16 42

3 18 26

5 9 25

10 15 12

14 3 15

7 13 48

9 24 23

1 11 21

20 13 30

19 9 23

12 4 37

16 21 34

6 5 43

6 5 42

7 6 30

13 2 13

2 20 40

3 17 44

18 4 17

16 4 11

11 2 42

20 7 11

19 15 19

5 2 22

5 6 18

9 24 21

18 1 26

25 7 22

14 9 17

25 6 18

25 6 26

16 17 28

15 1 42

14 21 36

22 19 33

21 10 43

9 4 35

11 17 50

10 1 40

5 3 42

4 3 15

19 2 50

25 2 19

4 3 19

5 12 38

23 7 50

3 1 19

19 9 10

16 4 32

8 11 23

10 7 41

6 9 20

4 19 15

22 23 27

9 17 40

8 20 21

2 1 14

16 20 37

2 23 31

6 23 19

5 23 34

24 18 10

10 21 14

23 9 38

13 7 40

15 5 36

1 4 13

16 11 49

15 23 18

3 1 18

12 9 29

18 12 43

5 13 45

11 4 35

23 17 26

9 6 47

2 11 49

23 19 10

23 17 34

1 25 14

18 11 31

5 6 36

9 25 36

7 25 43

5 14 11

19 18 49

16 17 35

