10

4 8 1 1 7 2 4 9 1 3 5 9 3 8 4 3 9 4 5 10 2 10 9 2 5 8 3 4 10 3 10 5 8 7 3 3 1 3 7 3 3 4 5 8 1 

2912 2017 2813 2771 2079 2424 2783 2098 2062 2462 2621 2358 2621 2506 2395 2629 2688 2572 2169 2875 2362 2733 2111 2405 2266 2441 2016 2536 2979 2393 2453 2612 2757 2859 2172 2136 2926 2069 2115 2357 2303 2485 2276 2247 2584 

4 6 84

3 2 87

3 7 85

2 6 50

10 1 97

10 8 89

6 8 63

9 6 77

7 4 99

2 8 54

5 4 51

10 4 85

6 1 56

9 10 68

4 8 66

7 8 64

9 1 52

3 8 95

6 7 96

3 4 60

8 2 62

9 3 58

8 7 71

2 3 78

4 3 90

1 7 70

7 6 96

7 9 62

5 9 81

8 9 57

8 5 53

8 2 94

5 7 79

4 7 93

7 3 82

2 9 75

6 1 70

7 4 98

1 4 59

9 1 91

5 8 88

9 2 93

6 5 90

8 3 97

3 8 82

4 3 57

9 2 69

4 8 77

9 8 80

9 4 77

2 10 79

8 2 86

8 10 79

9 6 62

7 4 61

9 2 96

6 2 83

2 8 62

1 2 89

2 5 87

8 3 97

4 8 84

10 1 81

8 6 60

3 7 59

5 6 59

2 7 85

5 6 82

5 3 72

2 10 54

9 1 52

9 4 63

9 3 84

8 4 98

8 6 78

10 5 51

9 10 95

5 1 53

2 9 100

4 1 65

3 6 57

2 3 55

5 3 97

7 2 77

3 9 60

1 4 67

6 5 99

5 7 81

8 6 99

10 8 64

1 5 64

4 6 53

3 7 72

2 6 53

1 7 51

6 5 73

2 10 74

5 4 100

5 10 79

4 6 70

2 7 98

1 5 73

4 9 52

5 1 88

10 2 76

2 1 53

10 8 96

1 6 88

7 8 56

6 8 85

1 2 67

7 4 91

6 10 99

2 4 66

9 8 58

4 7 50

5 6 93

3 9 99

4 7 81

3 6 77

3 1 76

5 10 95

8 3 55

10 7 71

6 5 62

8 1 83

3 10 51

5 9 76

6 3 98

1 4 57

8 9 90

1 9 59

4 8 100

6 8 55

10 4 87

10 9 86

7 1 89

10 5 67

10 6 82

5 6 92

9 10 52

9 8 86

3 10 82

4 7 82

10 9 95

8 3 54

8 4 92

9 4 68

9 3 63

5 9 54

1 4 75

10 5 67

6 1 71

4 8 72

5 3 64

9 7 68

9 5 59

6 9 96

8 6 58

2 3 61

4 7 79

5 9 54

10 8 91

4 2 65

4 5 50

3 7 61

7 6 74

3 9 51

3 5 61

6 3 74

9 1 57

1 4 96

3 10 51

7 10 90

6 8 77

3 2 89

4 10 68

2 9 99

8 4 98

9 2 69

6 9 64

4 1 74

2 5 70

8 9 64

8 9 94

8 2 75

8 10 54

7 4 69

3 9 56

3 9 94

4 7 86

1 8 58

4 7 97

8 3 63

2 10 53

1 10 54

1 5 68

8 1 57

5 2 68

7 6 80

10 1 81

2 3 50

4 9 62

6 5 94

7 5 94

1 2 82

2 10 91

5 7 52

2 6 87

10 5 69

4 8 98

7 5 74

4 3 97

4 3 54

8 1 60

9 1 65

6 3 72

5 7 75

10 8 55

6 4 98

2 4 68

1 5 99

3 4 62

5 4 85

10 8 68

3 8 64

3 4 61

1 2 73

2 9 52

5 2 88

7 3 96

1 6 64

6 8 50

3 9 76

10 5 84

9 3 52

5 6 61

7 9 85

4 2 60

6 3 98

9 8 94

7 8 78

6 2 99

10 3 55

2 4 99

5 8 91

2 6 57

3 4 54

10 1 73

9 6 53

5 1 60

5 2 74

10 2 98

8 9 98

6 9 89

8 7 97

7 8 75

6 2 67

2 6 81

5 7 74

6 10 76

3 1 97

5 2 75

3 8 95

3 5 90

9 10 62

2 7 62

2 1 50

6 3 78

6 10 88

3 8 98

1 7 73

9 3 67

2 8 83

6 1 63

8 4 98

10 8 80

2 5 68

10 2 60

10 1 83

4 10 91

1 6 52

8 2 58

3 1 57

6 3 70

5 3 86

2 7 78

10 7 58

4 3 83

1 7 72

5 6 58

7 10 98

9 3 75

4 2 58

8 6 51

1 6 83

2 10 95

10 9 50

8 2 95

8 2 74

2 1 87

5 8 62

9 4 77

3 1 85

1 9 75

5 3 87

7 8 73

10 3 73

8 10 66

10 2 52

4 6 78

9 1 66

10 3 61

1 8 91

1 8 84

1 9 99

1 8 71

2 1 70

4 2 52

3 7 84

7 2 85

4 7 88

9 1 90

4 1 68

4 5 53

8 4 57

2 10 63

4 5 54

3 4 54

9 1 75

3 1 86

8 7 74

6 7 70

1 2 86

3 6 72

5 1 55

4 1 94

8 5 51

7 8 56

4 3 100

9 5 59

3 6 77

6 1 90

4 1 86

10 9 87

1 4 59

1 10 80

5 8 83

8 10 79

10 4 50

2 6 56

10 5 68

6 4 71

7 8 97

5 8 95

6 8 73

7 4 57

5 7 61

2 4 78

8 5 53

5 3 51

2 6 89

8 3 79

3 10 70

3 5 60

2 10 88

9 8 82

5 6 78

2 7 95

9 1 52

10 9 87

9 10 93

1 3 77

2 10 90

9 6 71

4 7 87

6 7 66

7 1 91

5 7 98

4 3 54

4 7 99

10 8 79

4 3 84

4 9 71

5 6 51

6 1 60

3 7 63

6 10 87

9 1 96

1 8 91

2 9 66

10 6 66

4 7 59

9 8 90

3 7 88

8 9 56

2 7 67

2 3 89

6 8 74

6 5 69

2 10 100

6 3 76

9 1 70

2 8 57

9 7 78

9 8 92

2 1 96

3 9 50

9 10 66

5 2 100

6 9 63

2 9 55

1 6 70

1 6 94

2 3 62

3 5 81

1 9 93

4 10 58

4 5 88

9 7 51

6 3 88

2 1 68

6 4 89

2 1 81

2 10 93

6 7 85

1 7 68

4 7 60

2 3 79

4 9 83

6 3 88

5 6 69

9 7 63

10 8 63

8 9 79

5 2 98

1 9 86

2 9 60

7 8 53

2 8 94

4 5 99

5 8 69

8 2 94

3 10 95

2 4 90

3 7 79

1 3 74

9 6 78

6 9 61

9 10 66

3 2 85

9 2 78

2 7 83

1 4 90

2 10 94

4 6 83

10 6 62

5 8 98

5 1 80

4 1 75

10 3 80

3 5 70

2 5 77

4 10 54

7 8 68

6 1 56

6 5 92

1 6 59

10 9 100

4 9 62

6 9 85

1 3 79

2 9 61

4 2 88

7 2 65

4 1 59

10 5 74

8 1 88

8 10 75

2 3 100

8 4 95

8 5 68

1 4 54

4 10 69

8 7 74

1 4 75

9 8 93

2 4 50

7 9 87

7 1 82

1 4 90

3 5 72

4 1 67

5 10 81

9 8 95

1 8 66

6 3 51

10 6 66

10 2 69

3 5 78

7 4 94

8 6 56

6 2 91

5 8 80

7 3 50

3 7 82

4 2 89

5 7 62

6 2 95

5 3 80

8 10 95

7 1 86

8 6 53

6 5 74

2 8 76

1 7 69

6 10 61

1 4 91

5 1 71

7 6 83

3 4 85

10 9 86

1 2 61

5 9 66

8 10 76

2 8 89

1 9 76

9 1 89

6 5 84

9 7 96

3 8 86

3 1 82

9 4 64

8 7 98

2 3 84

1 5 68

7 5 50

6 4 69

4 3 72

7 4 69

8 6 63

1 10 50

9 10 81

2 9 61

8 6 94

10 7 55

4 5 68

4 7 87

4 3 79

2 4 98

5 8 97

10 9 60

3 2 78

10 9 52

8 3 75

9 2 98

7 2 50

2 7 54

4 6 82

4 5 65

10 1 62

6 4 53

7 6 63

10 9 69

7 5 77

10 9 98

9 2 90

6 3 54

1 5 68

4 5 93

7 3 55

5 10 62

1 8 99

9 8 73

7 4 91

4 6 65

4 8 71

3 2 55

10 9 85

4 2 64

10 9 74

9 6 79

3 4 82

9 7 70

8 2 62

2 6 79

9 6 91

6 9 83

4 10 54

9 2 68

9 1 77

5 7 62

10 3 79

4 3 77

5 1 97

9 5 75

7 9 85

5 6 85

5 8 84

4 7 55

2 3 94

3 4 95

7 6 88

3 2 91

7 5 84

7 10 99

4 6 51

5 8 64

8 9 71

5 3 73

9 5 50

10 9 64

3 9 79

7 1 75

4 1 69

5 4 79

6 8 58

3 1 80

5 9 72

9 4 72

2 9 97

8 3 81

4 8 54

2 10 74

6 4 64

9 2 80

10 2 89

6 1 58

10 8 65

9 1 82

7 3 70

2 3 79

5 3 50

1 7 70

9 7 85

10 4 76

6 9 53

4 9 98

5 1 52

6 4 83

3 10 75

8 4 64

4 7 84

8 6 81

3 4 67

6 4 67

1 4 99

4 3 72

3 8 85

1 6 67

5 10 97

2 8 85

7 1 98

3 8 94

7 9 61

7 2 79

1 4 82

9 4 80

6 8 90

5 1 72

6 10 77

10 3 62

4 6 50

6 9 93

1 5 100

8 1 63

1 6 79

5 7 80

2 1 82

10 9 72

2 1 67

7 1 95

6 2 51

3 8 80

6 1 78

5 2 58

3 2 61

9 3 89

7 10 95

2 10 83

3 2 66

2 7 84

10 5 99

4 6 73

5 3 70

3 2 69

1 10 81

2 3 94

10 2 95

7 6 84

2 3 98

3 8 70

9 5 57

4 9 60

4 3 77

8 2 78

10 2 65

7 8 98

9 6 53

5 6 65

4 6 70

6 8 59

2 1 84

3 6 64

6 9 52

10 9 79

7 6 71

6 2 95

9 7 90

8 7 69

9 6 81

8 2 60

9 1 72

4 8 97

2 5 87

3 10 71

10 6 53

2 6 89

4 7 70

7 2 89

6 10 99

3 9 68

6 10 78

6 9 74

5 8 96

10 1 73

9 5 80

9 7 83

4 1 64

3 7 53

6 1 81

9 8 98

8 7 78

9 4 85

4 6 50

2 8 92

8 3 85

4 3 80

6 10 88

7 9 97

5 7 90

6 4 74

6 10 56

1 6 89

5 4 83

4 7 83

10 4 95

3 4 88

1 3 75

8 10 95

8 10 92

5 9 68

1 10 80

1 5 65

3 10 91

7 1 76

8 5 52

1 10 77

2 7 64

8 10 51

3 10 100

7 10 93

1 2 73

2 4 78

5 6 62

3 8 99

8 4 77

5 6 68

2 8 51

4 3 98

1 9 55

4 6 97

1 9 90

5 6 87

2 1 60

9 2 51

4 10 78

10 3 96

4 2 56

7 1 82

10 6 92

7 6 76

3 6 100

2 6 94

9 2 58

2 7 73

7 3 65

8 4 76

1 6 90

9 8 66

3 6 51

4 7 90

5 9 74

4 1 66

2 4 82

3 10 64

4 9 87

1 4 55

1 4 79

6 4 91

3 4 59

5 3 53

1 10 90

2 9 90

4 1 50

9 5 73

10 5 65

9 10 81

10 6 66

5 1 62

2 3 52

5 7 94

5 10 79

8 5 76

3 4 100

2 10 75

3 8 98

2 9 93

8 1 85

7 4 75

4 3 99

3 1 52

5 1 68

3 4 77

8 10 54

7 10 76

2 3 100

4 5 87

8 10 79

8 6 70

6 4 89

2 4 94

5 2 87

10 3 67

10 1 72

1 8 94

4 5 69

2 10 93

4 2 50

8 2 57

10 9 50

1 5 53

4 9 57

1 7 92

2 7 58

5 1 54

5 1 55

8 4 99

3 9 98

8 6 83

1 4 60

9 6 92

3 9 81

3 1 62

1 9 79

8 10 74

3 10 64

3 6 86

2 8 53

3 7 53

7 9 85

7 1 61

8 4 61

9 8 76

1 8 77

7 5 80

7 9 66

7 2 60

7 10 72

9 6 54

4 1 53

10 9 78

7 5 82

2 4 73

6 1 79

4 1 59

10 3 58

5 2 95

7 2 66

10 5 62

7 4 82

9 4 50

4 6 88

4 5 96

2 6 70

4 7 98

10 3 100

6 10 62

10 1 76

5 1 75

5 9 68

2 8 98

7 10 90

5 2 63

3 7 98

8 9 94

6 8 80

9 4 78

9 10 96

8 4 53

6 5 69

1 6 54

10 9 89

2 4 76

2 4 86

8 5 69

9 3 57

1 6 95

2 5 54

10 7 64

8 1 93

2 1 98

7 10 74

6 8 100

7 1 98

2 8 75

1 8 67

10 5 52

10 2 87

4 7 77

4 9 58

4 5 54

5 3 72

9 8 58

9 1 84

4 7 60

9 2 58

5 9 66

5 6 62

9 1 76

6 10 100

7 1 73

3 1 63

5 1 50

6 8 63

2 8 79

2 9 67

1 5 81

8 6 87

9 1 54

2 6 63

1 3 56

4 7 82

6 4 94

5 4 65

6 8 58

8 2 63

8 3 72

8 7 76

10 4 54

9 1 63

8 10 74

4 10 82

1 7 74

2 1 60

10 5 53

6 5 91

9 2 96

10 2 76

7 1 96

3 7 68

5 6 63

5 8 88

6 2 65

2 4 65

3 8 55

2 9 67

2 4 79

6 4 82

6 1 51

5 1 64

2 9 82

1 4 57

3 8 83

9 8 81

5 3 83

7 1 53

10 3 78

9 6 73

5 10 58

10 9 60

6 3 81

1 3 50

9 10 58

9 3 85

6 10 63

5 1 73

6 1 97

6 5 85

9 3 84

4 3 83

9 4 92

2 4 80

3 2 59

7 5 70

7 4 87

4 1 64

10 3 91

9 7 81

9 10 79

