10

7 7 2 3 5 8 6 8 4 8 7 5 4 4 4 9 1 9 6 7 10 4 10 7 7 8 9 6 4 7 2 10 10 8 9 4 8 10 1 10 8 5 6 3 2 

2621 2052 2538 2935 2929 2025 2389 2073 2702 2195 2609 2794 2878 2091 2987 2775 2457 2256 2149 2105 2244 2247 2083 2042 2520 2180 2321 2497 2346 2686 2047 2060 2032 2148 2871 2938 2144 2916 2078 2122 2376 2979 2755 2269 2710 

9 6 59

1 6 55

10 1 90

4 9 95

3 2 51

3 5 53

9 1 95

2 10 76

4 5 50

3 10 82

5 10 90

5 8 89

7 1 82

9 2 72

7 10 53

3 10 95

5 1 50

2 3 97

6 5 61

5 2 69

5 6 73

6 4 87

8 9 55

9 2 79

5 7 98

10 3 87

6 9 98

6 8 61

3 7 60

4 6 64

1 4 71

6 4 91

3 2 79

1 2 53

5 6 69

6 10 53

9 8 66

3 4 59

4 1 51

1 5 88

8 3 60

3 6 73

5 9 96

7 5 60

10 8 91

5 9 89

5 9 71

6 10 100

9 7 73

6 9 81

6 10 77

5 7 71

6 9 74

4 5 69

3 2 92

10 6 66

9 2 78

10 2 79

10 4 75

5 10 82

6 4 84

5 2 92

2 4 53

9 5 50

3 10 53

7 6 93

1 6 100

5 8 92

6 4 68

8 2 53

3 5 53

7 5 55

1 2 84

7 4 71

5 8 91

8 9 70

10 9 97

3 8 74

2 5 95

7 2 92

4 5 62

3 10 87

7 9 71

2 3 85

9 3 80

3 6 59

9 7 97

2 4 80

7 1 79

10 5 78

8 4 65

5 8 92

10 5 83

9 1 71

7 9 77

10 2 98

9 1 56

6 9 63

5 2 84

6 1 85

9 5 55

10 4 71

1 9 79

4 2 71

8 1 67

10 8 62

1 8 56

4 1 74

2 7 52

2 1 85

1 10 77

6 10 64

2 3 61

4 10 80

10 8 92

3 10 54

4 6 71

7 9 95

4 3 53

2 3 64

9 1 60

9 10 74

7 5 71

2 10 74

3 1 91

5 6 93

5 8 100

10 6 89

2 7 69

8 10 55

6 8 54

1 4 74

6 1 59

3 5 73

3 6 53

6 7 90

1 6 73

9 4 72

3 8 76

8 5 60

1 8 84

8 2 97

3 7 63

2 6 73

6 2 98

4 7 57

6 8 87

9 10 87

8 10 100

3 10 60

7 6 97

6 4 66

1 6 80

7 4 95

9 6 67

3 9 77

4 8 96

5 8 67

1 9 71

7 10 61

9 7 92

4 8 55

10 5 90

10 8 96

1 8 53

6 7 97

7 3 99

7 1 75

6 8 86

7 10 73

8 1 97

10 6 98

4 8 83

2 7 65

2 3 83

7 4 59

9 5 55

5 3 79

9 10 96

7 9 81

9 8 86

4 3 88

6 2 95

4 8 91

5 6 82

10 2 66

6 5 68

4 8 53

1 7 72

9 10 57

4 10 58

5 1 67

9 2 73

10 9 87

6 3 88

6 7 78

10 3 86

9 5 88

4 9 54

6 4 57

10 2 88

5 2 99

4 8 59

4 7 57

6 10 88

7 3 66

2 3 83

8 10 79

6 4 87

6 7 96

4 10 86

6 9 56

3 2 65

3 8 58

1 9 92

4 7 56

5 10 86

8 9 81

3 1 59

1 10 66

4 5 52

8 5 86

9 8 75

1 2 63

9 3 52

1 4 70

7 8 77

3 9 78

4 7 66

8 1 75

9 6 65

9 10 94

8 7 70

8 1 62

4 7 76

9 4 79

8 6 63

8 6 92

7 5 56

6 3 76

8 7 57

9 3 73

3 8 52

2 10 61

7 4 73

3 8 53

6 5 79

5 1 99

7 1 54

10 7 62

4 3 57

6 8 95

8 1 86

4 1 94

4 2 57

6 9 60

3 1 64

1 9 61

10 7 66

7 9 73

3 10 55

1 6 98

8 10 66

4 9 72

2 6 76

9 3 51

2 10 76

9 7 73

10 6 86

10 1 89

8 1 56

1 8 67

6 2 70

5 8 55

5 6 99

4 7 62

10 5 51

2 8 56

7 4 84

8 4 66

3 9 63

3 6 98

3 7 100

6 5 93

3 5 85

6 1 74

9 3 85

4 6 63

3 4 79

3 9 80

4 3 88

10 8 69

9 6 78

1 7 87

5 2 97

7 2 79

1 10 91

2 9 58

7 10 89

1 2 97

7 2 69

1 5 59

4 10 65

1 2 51

6 4 100

3 7 59

10 6 92

8 1 91

4 8 85

6 4 53

9 2 61

9 6 58

9 7 88

4 2 52

2 7 62

5 2 64

7 2 75

6 9 67

2 9 91

6 8 86

8 7 96

3 6 61

7 4 72

4 9 98

3 10 52

8 5 86

7 9 62

8 9 95

3 2 82

10 1 81

2 5 78

8 7 59

3 5 81

4 3 65

10 8 57

8 2 62

1 7 74

2 7 63

7 3 81

10 7 74

3 8 71

3 4 66

6 5 100

5 10 55

1 6 97

8 7 54

10 6 88

8 10 75

10 4 91

8 9 50

8 7 76

2 10 93

4 9 99

6 9 85

2 8 51

6 4 59

9 8 82

4 6 93

10 5 76

6 1 80

4 7 91

7 4 77

10 7 92

1 2 76

9 5 62

8 5 75

5 1 81

1 6 100

6 8 68

9 2 56

6 3 83

7 10 67

2 1 93

8 1 51

6 3 60

1 6 76

10 3 56

5 7 66

9 3 50

1 4 93

5 2 85

3 8 65

6 9 95

4 8 97

5 3 71

10 6 56

6 9 58

3 9 79

7 1 77

2 7 73

5 7 100

7 8 87

5 2 63

7 10 91

5 3 52

5 3 50

6 4 54

5 1 97

8 3 74

8 7 58

7 2 84

8 3 88

10 4 63

7 9 51

4 9 70

1 8 81

4 3 88

4 6 88

10 5 77

9 7 68

9 8 76

4 3 51

2 1 57

7 1 67

10 1 57

2 3 74

9 8 81

10 8 80

1 4 83

1 5 89

8 4 76

6 4 86

8 5 72

9 10 79

1 5 97

9 7 97

6 8 75

5 3 74

10 5 52

9 8 70

10 4 97

4 8 87

9 1 65

4 3 92

9 5 78

7 2 93

2 9 55

10 3 100

5 6 100

2 6 63

3 10 64

2 1 66

1 5 83

5 4 71

3 1 86

5 2 98

1 3 71

3 6 66

7 9 80

1 7 50

9 5 93

2 10 63

4 6 80

10 9 75

1 9 90

7 4 96

2 5 60

7 8 85

6 7 66

7 2 75

8 2 70

6 7 73

9 2 56

3 7 69

10 8 72

7 1 67

1 3 85

6 8 62

1 2 77

7 4 74

4 7 60

3 7 71

7 10 72

6 1 89

3 1 56

6 10 51

7 9 70

10 9 62

10 9 96

5 3 53

8 9 72

10 1 89

10 5 58

4 6 69

4 1 93

4 5 62

1 2 78

4 6 97

5 1 88

9 3 88

8 3 98

2 1 74

3 10 97

4 7 72

8 7 56

8 3 78

3 8 67

9 10 76

6 5 76

9 7 85

2 5 91

5 7 58

4 2 62

10 3 93

1 4 54

9 1 71

2 10 67

3 2 94

5 8 80

6 2 78

10 8 62

8 4 95

7 6 55

5 1 79

3 1 87

7 2 81

5 2 74

9 7 62

3 10 69

5 9 86

10 4 84

3 8 87

8 7 53

3 7 56

4 7 85

5 1 73

1 5 94

2 4 63

5 2 57

8 9 58

4 9 77

5 1 99

4 10 91

10 2 73

9 5 63

4 9 99

8 9 52

4 3 57

7 1 73

4 3 83

10 5 67

5 8 66

8 3 50

6 2 64

2 5 82

5 9 89

5 7 50

8 7 81

3 5 59

3 2 75

2 9 66

8 9 91

5 6 63

5 3 53

10 6 92

10 9 70

1 4 78

6 7 71

2 6 71

4 8 88

7 9 57

6 4 80

9 7 76

3 5 90

4 3 97

5 9 70

10 6 62

4 1 69

7 9 78

7 3 93

8 6 78

8 10 52

8 3 70

9 3 53

8 4 92

8 9 75

3 1 90

1 9 87

7 3 51

9 2 92

6 8 75

3 7 62

9 1 98

2 5 72

1 4 62

3 2 63

5 1 78

7 2 68

7 3 61

5 6 57

10 6 69

2 1 92

5 4 99

5 2 75

5 7 86

7 3 69

2 4 74

7 10 97

1 5 56

1 4 81

4 5 55

4 10 56

5 7 66

1 4 89

1 6 58

8 4 84

10 2 66

7 2 65

1 2 69

8 10 84

8 1 87

10 7 95

9 1 96

2 10 55

6 8 54

10 2 85

3 8 64

5 10 74

3 1 83

7 10 72

3 10 100

5 1 62

5 6 78

9 2 51

7 2 98

6 8 78

3 5 69

6 8 51

1 7 96

4 9 50

3 10 66

10 6 68

2 4 74

10 4 79

5 1 71

8 7 80

1 5 74

2 7 67

9 10 63

4 6 93

10 2 90

8 7 88

1 3 77

6 7 96

8 4 55

9 10 93

2 8 98

8 5 75

2 5 68

8 4 76

5 3 79

8 3 76

10 9 64

10 4 100

6 10 61

8 2 80

8 10 96

9 8 100

8 2 55

1 8 76

1 9 81

9 4 77

9 5 75

4 6 98

2 7 93

10 9 86

8 7 51

10 9 97

4 6 95

7 9 77

3 9 70

9 7 74

8 7 92

4 8 63

4 6 60

7 9 86

7 6 96

10 1 90

3 1 62

6 7 63

8 6 76

7 2 63

3 1 54

10 4 62

1 6 88

2 6 54

1 9 61

3 5 83

1 6 66

6 1 96

5 4 88

9 8 69

8 10 72

5 10 90

5 2 54

9 2 59

2 6 85

4 9 100

7 5 87

2 4 84

6 9 70

5 7 95

8 7 83

8 9 72

7 10 51

10 9 92

6 1 55

10 4 75

3 7 76

5 6 72

4 7 52

7 9 52

5 4 65

4 10 58

10 4 93

2 5 75

7 6 86

4 1 64

7 4 58

4 1 97

1 4 61

9 5 70

4 9 92

4 9 85

3 6 89

4 6 70

1 2 89

10 1 85

10 1 85

7 2 73

7 5 90

8 4 89

3 2 71

2 3 84

6 3 82

2 5 71

8 7 88

2 1 72

4 6 93

9 4 52

7 3 92

2 4 76

9 3 73

4 7 85

9 3 69

8 2 99

4 9 54

9 4 72

2 4 93

6 4 52

7 4 59

3 10 65

8 1 67

10 2 69

7 9 55

3 4 96

5 3 50

7 1 80

3 5 75

7 8 53

4 2 65

3 6 95

7 6 90

5 4 89

7 4 55

10 2 86

2 8 73

8 6 67

10 6 87

9 4 83

7 10 85

2 10 95

7 3 71

1 9 94

9 4 70

3 6 56

6 7 94

1 6 51

6 1 99

5 2 73

1 5 97

5 2 99

8 7 85

4 10 51

8 1 82

7 4 58

5 4 93

4 1 66

9 5 96

8 2 91

3 6 99

1 8 95

6 7 61

10 9 92

7 9 74

2 5 55

9 5 86

10 6 80

1 5 86

2 7 89

6 5 97

1 8 100

4 3 75

7 9 82

9 7 83

10 7 99

5 3 65

4 3 77

3 7 57

1 2 73

10 5 50

6 9 90

9 10 52

2 8 57

4 8 86

5 8 67

8 5 100

7 2 97

4 5 52

10 2 95

5 6 90

2 3 96

1 3 69

9 6 67

4 9 60

5 3 81

5 4 75

9 10 78

8 10 74

4 7 76

7 9 86

2 5 56

2 10 86

1 4 83

5 1 73

8 3 93

7 5 63

5 10 95

2 1 60

5 4 88

8 3 90

10 1 89

6 8 90

6 3 83

1 9 93

7 6 76

10 4 70

2 10 95

4 1 63

9 3 94

6 10 82

3 2 95

10 7 65

7 9 66

7 5 78

9 4 57

8 5 55

5 4 83

5 2 52

3 5 56

9 3 97

3 9 94

3 5 76

7 3 58

1 10 55

6 7 94

10 9 88

3 10 95

7 6 89

2 10 50

2 10 61

9 3 97

2 3 57

1 10 95

3 10 79

4 10 83

9 4 94

9 6 82

9 8 96

7 4 92

8 9 52

5 8 72

2 6 66

1 5 77

9 2 91

10 8 53

2 1 74

6 7 88

4 8 50

6 1 64

3 4 89

9 5 92

9 7 70

9 2 62

5 6 80

10 1 64

8 1 51

7 10 78

10 5 73

2 5 66

9 5 58

10 7 69

5 7 70

10 8 50

1 2 92

6 9 61

8 10 71

3 10 59

7 9 62

8 5 93

2 8 97

7 3 89

10 1 62

4 6 79

4 10 74

8 3 58

1 3 85

8 2 62

3 6 95

9 2 53

5 2 62

8 5 62

5 6 53

10 4 100

3 5 53

9 3 67

1 5 51

8 7 63

4 8 70

10 7 73

4 2 72

10 5 53

3 6 92

3 4 54

8 4 89

8 5 58

10 5 71

10 7 66

9 10 56

3 8 79

5 2 88

2 10 80

10 2 89

6 5 94

5 6 88

4 6 98

5 9 94

4 1 99

4 5 52

7 1 82

9 6 100

3 8 81

8 3 96

3 6 70

8 6 79

8 2 79

3 7 67

7 4 91

3 1 82

8 6 64

1 4 63

6 4 66

2 10 58

4 8 85

8 4 100

1 8 86

1 7 84

9 2 85

7 9 73

5 8 58

5 6 52

1 10 50

6 10 85

5 8 57

2 6 92

9 1 53

10 5 83

5 8 99

7 9 89

4 9 66

6 9 86

2 8 58

2 5 96

3 4 70

5 8 65

4 7 60

2 5 74

4 10 82

2 5 54

10 4 79

4 8 93

4 5 62

1 9 69

6 8 65

3 1 97

7 9 89

7 10 94

7 10 71

2 5 100

4 3 75

