25

8 9 2 9 7 8 10 4 4 3 4 3 3 6 10 10 9 10 10 1 2 8 6 6 3 8 7 3 10 6 9 9 8 8 3 7 8 6 7 9 9 5 4 1 8 9 1 1 7 1 9 8 3 1 10 2 10 5 5 1 4 5 8 6 5 5 3 3 2 8 4 10 1 8 2 9 9 9 9 6 5 5 9 9 10 7 4 7 1 2 4 3 9 10 5 3 1 10 7 7 3 8 1 9 6 2 9 4 6 9 9 3 5 5 6 8 1 1 3 3 1 8 10 6 9 10 2 3 2 2 8 9 10 1 3 9 3 2 2 9 1 3 7 9 3 1 9 9 6 10 6 7 3 4 7 5 5 6 10 9 9 3 4 1 2 6 10 6 9 3 10 7 4 5 10 8 9 8 7 10 10 1 4 10 6 10 4 7 2 2 4 6 9 8 4 2 6 1 4 8 7 3 10 6 4 10 3 1 1 2 3 10 7 5 10 10 2 8 2 9 9 4 9 6 8 7 4 6 3 6 9 10 2 9 6 9 3 2 2 1 10 6 2 10 1 8 3 5 10 5 5 5 3 4 2 2 9 5 4 4 8 8 10 5 8 7 3 10 10 4 2 10 5 4 7 9 4 1 5 7 7 6 6 1 10 5 5 9 9 6 8 1 8 5 5 6 4 6 9 5 

10016 6828 9380 11945 5074 9605 10013 10861 14236 13621 7442 13063 11831 6919 10129 11120 14152 12385 6991 5558 13593 5958 13493 9995 11958 13530 7444 11616 7330 8681 10374 6718 12373 8335 6621 6162 11465 6627 6930 6385 7153 6011 9745 6088 13026 14251 10097 7862 8259 5951 13987 5317 13359 13288 14480 10787 6806 9436 7802 7806 12704 8558 12659 9933 12814 6372 7650 13935 13826 8533 5190 14085 10118 8095 5073 8120 13283 12326 7972 5447 5227 9568 12977 7373 8264 11163 9503 14487 9222 13731 12849 14363 11317 5268 13458 12463 12733 6124 6011 5962 10662 10966 9853 10323 6859 7756 13373 5107 6156 6662 5484 13954 10289 13596 13044 10675 6356 6280 9143 10699 8258 6424 7027 8958 7494 14061 12060 12421 5843 10169 11594 7718 6062 6538 6330 11736 10979 6688 5812 7622 13571 13874 10506 14466 11943 7907 8079 8791 6428 14081 7379 9675 6960 7504 6384 10034 12262 11594 5371 7098 12913 13804 11904 8240 13861 8969 9826 8071 11036 6828 13893 7745 9827 10393 6341 6512 8381 6906 5735 13894 12868 8061 13216 14340 6643 7555 7372 6375 6543 9351 5881 13090 14383 12261 11701 13798 7178 13086 12647 11404 13011 8653 12936 14330 9490 7072 8878 10378 7797 10423 11262 7116 5382 13974 8686 13693 12537 5242 14022 12565 11231 5922 5009 12790 8868 10287 8521 8943 12840 14203 9895 12733 9140 11861 7442 5139 5643 12157 12122 5284 12066 14484 13702 5280 6110 6887 13727 7094 13312 9182 10487 12803 7637 8170 5326 7764 7519 5600 8562 5424 8661 10883 8531 7439 6131 8920 14328 14365 5529 6134 12106 12453 12300 5459 12477 6510 6590 10138 10931 11912 10485 13680 11974 11613 12311 7263 7648 7997 11770 12728 6956 7982 13122 10062 10311 13635 8250 9500 10535 13507 

22 24 10

18 14 33

7 21 44

17 3 36

20 18 22

6 23 29

3 6 15

21 7 42

23 6 25

16 15 38

9 14 46

21 2 17

3 19 30

25 24 18

13 20 43

17 15 11

7 11 50

7 2 34

12 2 19

2 10 34

16 21 39

14 24 33

20 5 11

1 9 44

7 13 24

11 8 32

25 13 21

17 4 29

12 10 16

19 23 16

23 16 34

21 5 17

8 15 12

10 21 25

16 17 28

3 11 16

8 17 47

9 7 36

22 21 28

16 7 28

19 16 12

21 16 18

18 11 48

15 21 31

17 22 36

10 20 33

12 7 25

21 5 32

10 13 13

21 11 46

15 17 24

8 2 45

1 7 30

4 25 42

15 3 48

16 10 40

23 3 15

21 12 19

1 4 34

4 6 34

3 5 35

5 6 12

15 19 31

21 8 26

8 15 27

6 18 22

17 10 36

9 15 50

21 10 18

10 13 26

5 24 17

14 19 37

15 8 25

21 13 36

24 16 30

5 8 37

12 19 22

10 13 50

23 9 15

5 7 28

7 13 12

18 11 10

4 21 10

4 10 38

24 1 35

2 24 38

5 3 17

12 20 32

18 4 50

9 23 28

24 15 14

2 15 45

2 16 12

14 2 37

21 23 45

1 18 40

13 14 28

20 13 11

20 15 38

16 9 40

11 23 48

23 17 44

16 3 39

8 16 50

15 23 17

21 24 36

17 6 21

14 2 13

21 4 32

4 8 50

4 10 22

18 8 15

4 3 41

11 10 29

2 13 48

4 11 37

10 15 37

16 12 44

1 19 29

1 11 46

2 10 45

13 23 14

14 10 48

25 21 50

2 16 24

11 13 22

7 20 33

24 2 22

2 4 18

14 4 28

25 1 14

24 14 25

25 20 46

11 24 17

23 6 35

1 16 35

16 2 23

14 7 28

2 21 43

9 23 47

4 20 46

14 20 12

12 14 19

12 21 48

10 18 40

24 23 23

14 7 11

12 4 11

22 25 25

5 13 42

13 7 22

25 2 14

21 23 16

6 25 15

16 22 35

5 4 13

18 1 49

13 17 49

12 19 38

13 23 39

16 17 33

20 11 27

17 19 19

11 2 19

21 22 30

7 25 37

11 16 46

6 4 28

20 12 16

17 22 29

7 2 41

11 2 33

22 3 25

12 19 20

20 11 30

8 2 50

24 9 46

17 2 21

14 17 25

15 2 15

21 8 50

4 7 11

25 20 46

10 16 22

21 24 43

3 20 15

2 1 16

16 22 29

2 9 25

4 20 31

17 4 41

25 21 19

3 19 15

10 6 11

24 19 11

14 7 24

17 1 32

24 5 14

15 24 18

15 19 46

9 17 10

8 16 48

24 13 32

22 10 40

6 16 46

10 22 22

1 7 13

15 21 22

7 11 37

13 22 18

18 1 22

12 1 32

4 16 45

24 13 37

24 17 38

15 22 45

19 2 25

13 20 31

12 3 24

22 3 12

16 8 13

7 16 36

21 1 36

15 23 14

17 25 46

7 18 10

13 23 39

20 21 50

7 3 37

11 21 49

4 13 10

4 20 20

16 19 11

15 2 45

10 22 50

21 6 15

22 7 12

1 22 10

20 22 40

16 23 19

7 2 28

10 18 45

18 19 24

15 11 37

18 21 17

6 7 20

13 24 23

18 14 26

14 5 15

24 14 42

22 11 38

18 16 25

12 17 36

10 19 45

7 12 40

1 17 32

18 3 44

7 23 37

14 6 41

14 19 50

14 7 23

24 14 48

7 13 46

12 14 42

19 12 11

24 5 46

18 22 21

10 5 45

19 12 10

6 17 47

16 13 34

9 19 44

9 10 36

14 13 14

3 4 18

18 11 44

10 5 31

13 9 33

21 6 12

22 18 23

6 24 24

6 15 34

3 8 46

10 14 42

6 8 18

13 6 18

11 5 47

9 17 32

11 4 11

13 19 13

7 21 45

6 23 23

11 21 26

12 15 48

9 20 36

14 2 45

12 7 39

8 16 33

8 18 45

20 13 26

7 3 18

11 20 36

1 2 28

2 10 10

8 16 47

21 8 19

21 18 15

21 6 46

9 25 18

12 8 23

2 25 39

13 18 19

16 14 38

17 3 14

9 11 26

13 8 25

4 6 10

20 3 12

15 5 15

25 3 25

11 2 39

11 12 27

4 5 12

10 4 29

3 22 20

14 7 21

6 10 17

18 6 23

10 13 17

5 18 43

12 8 11

6 11 37

7 9 16

15 25 45

5 15 23

17 18 13

12 5 38

3 9 12

21 20 30

24 25 43

21 5 26

12 2 26

25 9 29

18 9 40

2 11 17

4 1 49

15 24 37

11 22 30

2 25 23

6 15 25

23 17 29

12 21 10

15 14 20

8 18 34

9 11 29

13 15 15

5 6 27

15 7 12

23 9 35

5 6 10

21 25 24

11 1 18

8 25 20

15 23 17

14 25 46

2 4 30

5 15 49

17 22 20

15 11 24

20 24 31

14 5 39

5 25 45

25 24 10

5 9 11

2 7 13

16 6 48

19 15 49

2 23 38

6 2 23

24 17 46

20 23 50

10 19 34

23 13 49

18 8 47

19 13 42

22 7 29

8 24 28

23 13 22

18 13 38

3 1 27

18 14 18

18 9 28

8 10 47

24 10 17

14 18 34

5 6 32

15 21 35

1 4 20

5 22 41

24 8 38

5 12 34

3 10 21

13 25 23

9 22 37

25 11 26

19 12 41

13 9 16

24 21 12

5 6 25

6 18 15

9 19 10

25 17 15

9 14 50

12 10 18

23 19 30

11 22 44

10 18 34

3 16 36

7 21 39

4 23 13

12 4 41

6 12 15

17 19 10

17 2 15

12 14 19

1 24 40

14 13 18

25 16 19

6 19 17

11 6 26

1 11 35

5 16 39

16 20 40

3 18 19

3 15 34

2 17 29

2 14 12

5 4 41

13 17 25

9 23 15

3 20 45

8 2 36

10 11 33

22 14 15

13 15 48

4 1 28

5 25 48

2 24 18

16 5 49

9 22 16

25 16 20

11 4 29

6 20 40

2 8 47

15 25 29

25 19 38

16 23 22

7 21 41

6 24 28

22 19 31

6 17 41

9 14 39

2 18 20

23 11 20

25 2 12

16 7 48

9 3 16

21 2 32

10 3 43

12 5 20

24 2 35

25 18 36

6 1 47

18 8 14

1 25 20

6 10 17

25 16 32

13 1 33

25 17 16

5 24 34

23 20 40

2 11 36

18 16 20

9 1 32

10 14 46

4 2 44

2 14 14

10 24 45

12 24 45

18 2 12

18 15 45

12 5 27

11 17 15

21 10 26

18 7 19

1 3 21

15 8 15

6 16 13

8 13 24

24 9 10

