25

7 3 3 6 8 10 10 5 10 10 4 3 8 3 5 5 1 2 1 10 9 3 4 8 6 2 8 5 7 8 5 1 7 2 7 4 8 4 7 10 1 1 3 1 7 9 7 4 10 10 2 3 9 3 5 10 8 1 10 2 8 9 5 6 9 2 5 5 2 4 5 4 4 7 4 10 9 7 4 10 10 10 5 6 7 9 9 10 10 10 8 6 8 9 7 9 8 6 5 1 4 7 4 8 6 2 6 6 10 4 3 3 7 10 1 9 1 8 7 7 2 4 4 3 8 6 1 4 5 5 1 7 8 10 9 1 4 1 4 8 7 8 6 4 3 9 2 5 2 7 10 6 8 8 8 8 6 8 5 7 10 5 2 1 3 5 8 2 1 6 6 9 4 9 10 9 5 2 9 6 8 5 5 6 8 1 4 2 5 2 2 6 9 6 5 8 4 4 7 7 5 2 6 7 3 3 4 1 7 10 5 9 1 4 4 10 4 9 10 6 5 9 8 6 2 5 1 9 9 8 7 3 3 9 7 1 6 4 10 5 1 10 10 10 8 8 7 3 5 2 3 7 2 5 10 3 1 4 1 4 4 4 9 3 7 4 8 8 5 4 8 2 1 5 5 3 9 9 7 7 5 10 8 6 6 2 7 6 7 3 3 5 3 5 9 5 3 3 2 2 

13617 6554 14977 7310 7482 14751 9800 9941 8703 5483 13614 13988 10306 8808 13530 9577 11329 11858 14581 7904 11867 14916 6699 12050 14681 6449 7169 8099 14184 10081 7583 13889 10139 13330 12261 7214 5200 12708 13270 12732 12544 12217 5721 6895 12269 12626 5867 13312 13007 7071 13658 6629 8203 14421 10880 11733 14940 5650 5807 6375 6817 10026 5311 9666 11444 7263 5866 5831 7342 9070 5528 12533 14745 8442 10026 5701 9659 7934 7429 8307 10824 8763 7521 8798 14753 11014 13944 6017 14916 11541 9478 11350 7292 10151 7415 5562 6033 6620 14841 7347 9767 10721 6906 12935 11193 5001 14678 11297 10082 5346 12951 7461 12482 7507 8651 7218 7033 8710 14807 10148 12662 12244 9939 14248 10566 9460 7747 14753 7452 8056 7396 11693 6247 7654 10418 5665 5158 13727 6250 8897 5852 8759 14814 9212 6818 5123 11115 7754 8480 7643 13903 7473 12529 5040 7611 8238 9126 8564 14449 6234 12102 12954 11393 9788 14104 9619 5048 11147 10743 14405 5851 13905 5253 12633 11961 8723 12884 12267 12303 5816 7329 11967 7720 11254 9858 14588 8933 5551 5493 8215 10117 7258 9571 6259 7308 11282 12334 5275 11550 11553 8831 14236 7717 10281 6301 11765 11314 11564 11509 8513 7154 5357 6001 10258 5845 8967 8184 13621 6217 7099 7241 10325 14477 8257 5450 7826 13725 14804 12253 13842 10728 6363 5529 9799 10322 11418 13000 13565 11687 9892 9376 14951 14887 10365 12988 8416 10501 9111 8929 6179 10000 14593 14496 11493 9537 10283 6661 6247 5301 10701 10625 9247 14236 10427 13123 11516 9979 13503 14102 12828 10206 11133 5599 9261 8222 8860 7236 5059 8592 10518 13598 13308 13898 5163 9953 9032 7266 14933 9274 5195 13257 6288 5299 6777 7863 14508 13514 10613 6944 11389 

15 7 30

8 21 36

23 1 50

10 13 49

25 17 17

14 11 40

10 2 29

4 6 38

13 22 43

1 12 35

12 2 16

6 23 32

1 7 13

15 13 15

5 9 20

23 5 22

15 12 39

16 13 31

13 12 10

7 6 42

14 24 37

19 24 29

19 17 16

19 1 21

24 8 47

7 6 39

7 2 21

9 13 43

18 4 39

20 16 46

20 3 27

17 1 37

18 19 13

15 25 50

11 22 37

1 2 17

14 19 16

20 16 33

11 16 26

4 17 36

16 18 49

20 19 13

12 4 35

8 20 28

15 13 13

24 10 33

16 25 36

17 4 18

22 7 17

17 16 17

19 17 36

9 19 21

7 3 36

15 22 18

24 5 44

8 23 40

25 21 39

21 4 35

11 15 27

25 18 19

25 17 37

1 13 33

22 3 41

22 12 47

11 17 33

13 14 42

4 6 22

8 21 21

7 4 50

1 16 39

8 24 50

17 3 14

8 11 26

1 4 44

20 2 14

2 11 39

8 18 29

12 25 11

8 7 43

4 9 15

7 19 21

24 13 29

13 10 49

10 16 19

2 17 23

16 24 41

11 5 14

13 2 14

22 2 47

19 22 42

8 1 22

16 13 23

19 2 24

17 6 49

10 12 39

20 22 44

23 13 31

22 1 42

13 17 46

7 12 21

8 11 21

2 14 37

2 7 50

14 9 44

9 19 19

9 24 38

10 17 11

13 10 25

8 24 26

7 3 42

9 6 45

22 11 10

10 12 36

22 3 47

17 10 21

5 3 16

12 24 19

16 11 30

5 20 18

1 20 32

3 2 15

5 25 30

11 4 18

19 20 33

1 2 42

19 17 21

11 3 17

10 14 37

4 23 49

4 18 16

20 13 19

2 13 41

8 11 25

13 18 14

18 23 50

14 5 34

23 3 29

13 24 28

8 20 45

10 9 50

2 12 20

18 16 15

10 12 22

2 18 39

20 16 15

18 19 48

18 5 11

16 11 47

24 8 12

3 20 42

22 18 14

19 4 36

16 22 10

22 9 24

1 13 15

7 10 29

21 10 47

19 25 18

25 4 50

24 20 33

13 22 12

22 17 34

13 5 48

15 1 42

12 16 44

3 8 19

24 12 38

9 8 11

2 4 21

15 25 17

6 9 14

23 2 34

23 15 27

25 5 32

3 4 48

13 10 47

13 12 36

14 4 35

10 2 38

25 1 10

23 21 15

21 7 14

3 16 40

4 22 24

15 23 32

14 13 19

9 10 48

10 24 46

17 18 32

1 25 35

21 14 47

22 6 21

18 21 36

2 16 15

2 11 12

13 14 37

10 2 32

4 13 46

14 12 29

8 20 30

1 5 46

22 21 20

16 13 43

11 24 23

15 20 21

7 4 50

10 1 12

5 9 26

18 2 14

15 3 41

21 9 29

23 19 35

19 16 50

17 22 45

13 7 28

5 19 22

1 14 27

19 4 38

10 8 46

8 13 49

1 6 46

5 14 11

16 12 46

9 24 14

5 1 15

25 1 38

2 7 28

22 9 41

5 22 39

15 14 22

22 8 19

13 2 40

13 12 43

18 16 20

3 6 34

4 11 39

3 11 49

9 23 48

11 14 38

1 24 46

24 7 14

18 23 30

9 1 35

22 14 26

16 5 13

24 13 16

11 13 48

6 2 49

2 5 17

4 10 33

10 1 39

23 13 46

25 17 45

9 18 28

13 25 26

9 24 12

23 1 13

8 23 49

11 10 13

24 3 23

22 11 43

10 2 10

12 5 27

13 20 32

24 14 46

9 23 44

10 2 22

6 11 46

25 7 27

22 18 37

15 25 12

18 15 20

9 13 25

11 16 46

6 1 49

20 3 10

12 1 14

12 8 29

9 17 39

6 7 46

24 2 22

24 17 11

15 7 28

17 1 15

15 17 26

22 21 35

4 21 16

6 12 45

4 14 31

11 21 29

23 13 35

22 9 29

20 23 43

8 16 12

10 2 42

5 7 16

10 2 49

15 2 43

20 4 43

18 25 20

12 15 42

4 17 44

17 2 49

5 23 33

13 24 39

15 9 20

6 8 47

25 11 32

20 15 12

17 2 24

19 20 35

10 20 49

11 23 30

20 3 34

19 18 21

7 13 14

11 1 36

12 19 36

10 6 27

22 17 22

4 20 30

12 5 50

22 25 30

24 13 38

24 21 14

22 12 46

9 15 18

10 3 26

22 16 45

1 18 14

16 20 29

3 2 13

19 9 39

11 24 48

15 4 48

17 12 14

6 21 24

14 4 34

6 12 35

25 5 22

15 18 21

8 5 36

11 8 11

7 9 31

21 1 44

18 5 19

2 24 14

5 17 50

2 23 42

16 13 15

6 13 36

5 24 11

8 2 25

10 9 44

13 22 22

16 5 50

1 6 48

10 11 37

25 16 50

2 16 40

13 4 11

3 12 30

16 10 14

5 9 42

3 16 31

9 13 42

7 14 49

15 23 46

18 4 18

13 22 50

6 5 36

18 19 35

6 22 20

14 25 21

10 3 36

21 22 20

9 19 40

11 21 11

3 23 12

11 21 38

21 17 43

14 15 14

10 5 11

25 11 48

14 19 25

5 17 26

4 18 20

3 20 26

12 1 24

12 3 48

17 14 43

13 11 10

14 5 39

5 1 15

9 21 49

21 11 18

24 2 18

5 6 39

22 6 48

5 2 22

25 24 34

19 4 10

11 4 46

1 24 19

21 10 17

18 13 36

7 12 34

17 19 26

6 2 27

17 9 30

16 21 10

4 15 32

18 10 12

15 13 28

2 10 28

10 4 20

19 15 19

23 17 28

3 6 46

12 24 48

21 24 33

13 15 50

4 22 27

3 1 16

23 22 17

23 10 17

4 3 13

18 11 49

22 20 15

4 5 29

24 1 28

6 16 46

22 18 49

20 9 36

1 6 28

14 3 40

22 13 26

6 10 19

9 4 45

7 10 24

12 9 40

11 15 21

9 12 18

15 24 38

22 5 19

14 7 33

4 12 35

12 6 49

20 9 25

25 15 30

4 17 16

25 17 26

16 19 18

11 20 22

18 16 13

22 16 21

21 9 33

17 24 37

22 24 39

9 25 12

5 15 49

16 6 14

10 22 30

6 22 42

2 24 29

11 5 18

25 11 17

3 16 48

3 11 27

8 23 41

12 13 22

5 19 18

21 1 16

18 1 41

10 22 43

25 2 37

7 20 28

15 23 15

21 17 16

20 22 37

1 12 26

3 4 21

4 3 13

22 13 40

24 5 13

21 22 37

6 20 38

12 25 35

20 11 21

18 21 43

3 25 43

6 5 33

22 23 32

6 18 48

5 16 41

10 13 25

22 11 38

14 13 27

2 20 38

5 6 34

