20

2 10 9 3 3 5 9 7 6 3 1 2 6 5 10 5 7 2 3 1 5 6 1 4 4 4 8 5 3 8 10 5 7 10 7 2 8 1 8 6 8 1 5 4 8 3 1 3 8 5 7 10 10 10 3 4 9 5 6 6 10 2 6 4 5 6 10 10 7 3 3 6 6 4 9 10 6 10 6 7 2 7 10 10 10 1 2 8 5 7 8 3 2 8 7 6 7 7 3 8 10 8 6 3 6 8 3 9 2 1 7 10 8 5 4 9 3 7 8 5 10 2 2 2 2 1 5 2 3 10 7 1 2 3 7 8 5 7 8 6 2 7 8 6 4 5 7 2 4 3 5 2 3 3 10 6 5 3 2 4 4 6 6 6 8 6 8 7 1 9 2 5 2 1 2 2 3 6 2 4 1 6 1 10 7 5 8 5 2 3 

3989 9566 10081 4181 5870 4645 6303 9976 3669 9245 4621 7533 10451 5619 8675 8719 10429 6129 8446 9561 9080 4227 5358 9079 5074 5647 10365 4644 4562 8133 7927 7942 7468 6081 6542 5558 7585 7118 9719 4456 8314 4095 5973 7944 3984 9100 3595 5409 8693 9952 5570 9921 5584 6223 10121 9851 7473 8125 9927 8979 4632 3609 10108 7992 9454 3775 4558 5071 3570 7114 6202 10143 9874 10307 10189 5540 6621 8169 5941 4232 3655 9958 4381 8292 8461 5561 7475 8180 6499 5165 9583 4368 9961 7734 7882 7142 6700 7135 4376 7823 8740 9943 6753 8420 6322 5860 9515 3537 5037 5370 7500 7555 4073 9538 9037 6409 9139 7024 6545 3875 5037 5101 5523 7028 10362 10027 4343 9546 4094 8341 6308 7775 9340 7611 3918 4868 3693 9814 5190 4979 7104 7939 6338 4395 9309 9518 4971 5534 7210 7567 7324 8095 3730 6048 8868 7134 4900 5145 7914 5628 8042 3684 8605 6029 9059 7709 4884 7499 9916 4643 5761 6950 4437 4627 5334 8600 3595 4445 6655 4608 8423 5071 6650 8452 9684 10125 9851 5916 7316 5574 

7 9 28

11 9 42

4 13 10

4 20 26

12 11 26

12 11 42

14 8 44

1 15 35

12 1 36

12 1 39

13 20 45

18 14 14

11 14 47

7 18 34

16 6 46

12 14 12

1 5 12

12 13 39

7 18 48

5 17 33

17 2 14

12 9 41

1 19 43

14 6 43

11 12 24

12 18 15

9 13 28

7 16 33

17 1 27

19 14 10

15 17 37

5 19 44

9 1 39

16 5 19

12 15 37

8 3 20

11 6 18

19 4 23

18 1 47

18 4 32

16 4 38

4 6 37

17 13 16

1 10 35

19 6 46

13 7 22

1 15 45

16 5 25

12 18 17

11 14 38

1 14 20

13 18 22

16 18 16

14 3 41

15 2 28

11 6 28

17 13 50

7 18 48

13 15 10

20 1 36

11 9 48

1 15 38

6 16 38

3 19 31

12 9 45

4 12 40

3 17 40

12 6 48

5 20 18

19 17 17

5 20 24

1 19 14

6 14 33

17 20 49

6 9 24

16 10 39

13 6 16

1 7 34

8 10 49

17 2 26

5 13 18

10 15 31

16 3 18

8 15 28

5 18 16

8 20 44

7 17 40

15 11 42

16 20 15

16 18 12

13 6 25

2 18 16

6 9 13

13 7 38

1 4 12

5 13 25

5 17 10

12 6 10

17 10 10

6 12 22

17 2 12

19 11 50

9 5 14

14 10 37

8 12 23

3 16 38

11 17 21

15 20 43

8 6 29

5 10 49

3 10 33

9 19 29

13 8 34

9 5 20

18 3 33

14 12 37

19 5 22

17 11 22

14 5 14

20 13 32

3 1 31

3 9 30

1 11 39

3 15 50

6 18 18

20 12 13

15 17 10

2 15 34

16 10 36

2 7 24

18 16 26

18 15 33

3 4 21

9 2 20

2 1 30

19 11 26

14 16 46

15 18 11

3 9 40

11 2 26

2 12 49

3 9 15

15 16 17

2 14 30

10 16 15

14 6 46

3 17 13

5 8 29

12 9 19

8 3 40

6 14 17

5 4 20

2 8 27

15 4 29

11 16 47

10 4 20

4 12 47

3 17 34

14 10 25

1 5 24

11 12 17

7 15 43

1 7 33

18 3 41

3 15 45

6 14 28

5 4 36

3 12 42

12 10 18

13 20 33

2 13 46

3 9 47

17 8 33

20 9 43

3 1 33

20 5 44

2 17 29

6 16 13

9 4 39

20 9 49

4 16 12

13 8 43

13 17 32

19 15 39

11 1 45

12 8 41

18 16 49

14 9 15

16 18 47

20 13 33

2 5 28

13 15 20

5 13 48

3 1 45

7 2 29

19 4 37

20 10 39

20 15 11

7 17 35

11 7 40

11 6 47

19 14 14

7 6 32

18 9 21

17 7 20

12 2 30

4 9 47

16 2 44

18 5 23

18 14 38

9 13 24

12 11 47

15 11 19

9 4 21

13 11 30

14 3 28

4 13 19

1 14 49

7 9 29

16 6 42

5 16 47

16 12 17

5 19 35

20 9 44

15 17 49

8 15 45

17 8 46

11 20 23

10 19 10

8 16 21

1 19 47

3 9 47

19 2 25

18 13 42

11 5 28

2 6 25

12 15 44

11 14 19

9 16 33

14 15 41

6 12 18

1 20 38

20 8 27

7 19 26

2 11 50

9 7 19

19 16 13

2 12 34

5 19 21

17 3 15

4 17 17

13 2 34

9 8 17

13 8 38

6 19 13

2 20 13

18 4 30

2 11 30

6 16 41

20 1 35

16 18 14

16 8 38

3 15 19

12 16 28

19 11 47

15 2 40

7 3 24

3 19 23

10 5 10

6 2 49

17 2 21

4 8 21

12 11 11

19 6 33

20 17 24

19 4 26

7 5 11

9 15 44

18 15 46

20 12 45

11 10 38

15 12 24

13 8 30

19 4 35

11 19 43

6 16 15

3 12 15

18 2 39

15 8 38

17 15 49

10 14 28

18 14 42

19 17 19

11 17 26

10 13 29

13 11 25

17 13 37

15 4 19

12 3 26

10 20 44

3 4 26

1 10 45

19 4 25

7 3 35

4 9 44

7 14 18

16 7 28

1 10 39

4 13 15

16 19 42

5 8 30

3 6 28

10 3 34

8 14 46

15 4 47

7 8 22

11 4 49

9 15 34

14 13 25

4 8 48

19 13 20

10 13 13

4 9 26

8 20 46

10 6 13

2 12 13

8 12 21

3 9 40

19 14 23

11 14 13

3 13 45

8 13 23

8 2 10

7 19 33

15 1 43

7 19 40

7 13 25

3 16 27

4 19 17

9 7 17

1 4 49

15 19 19

16 10 31

6 15 40

1 2 13

5 11 39

3 13 23

5 14 40

3 4 15

5 7 35

