25

4 9 7 7 2 6 10 7 8 5 2 8 5 8 8 6 1 2 10 7 7 10 6 10 6 2 2 1 6 10 4 10 9 1 2 7 5 6 3 7 10 5 1 7 1 3 2 8 4 1 1 10 8 8 8 4 4 4 8 5 6 3 6 9 6 3 6 5 9 5 7 7 10 10 6 2 10 10 2 6 2 4 3 10 1 2 1 8 6 9 8 10 5 3 4 2 1 9 8 9 3 6 6 2 9 1 6 9 9 7 8 2 8 9 2 1 8 8 4 7 9 8 7 1 10 3 6 2 1 9 10 8 2 4 2 1 4 8 6 4 6 1 6 2 1 5 3 10 9 8 10 6 5 10 4 6 9 2 3 8 3 7 9 7 6 3 7 10 10 9 7 5 9 3 6 6 3 10 9 7 4 1 6 8 2 6 9 6 5 8 9 4 8 7 2 7 9 2 4 7 10 9 4 9 3 2 8 3 8 1 8 10 3 7 9 1 7 9 6 5 8 5 6 4 9 2 8 2 10 10 3 6 2 3 9 3 6 1 2 2 9 10 8 1 9 4 6 2 9 6 3 6 6 1 9 3 4 8 4 3 9 2 2 1 4 9 5 4 8 9 10 1 4 4 2 5 8 7 10 1 2 3 1 5 5 9 3 5 6 8 8 9 1 9 4 9 4 6 3 5 

5940 13259 10077 13785 6286 10882 6405 14199 13605 7371 11237 8652 6978 10083 10790 9827 13302 11836 11927 5402 9244 13234 11615 10539 12484 9973 10702 6199 9264 12887 8625 9190 6869 10646 8762 9437 8609 7465 7838 11650 13775 6426 12802 13231 10894 13022 11094 5539 5302 5417 9567 13399 12266 13005 12215 6601 5936 13275 11003 6038 13958 8761 14350 13501 13460 5825 5291 7227 11529 12858 9472 8252 12522 11099 12393 9707 12790 10212 5854 8860 10501 13394 8131 7821 5760 9378 11248 12088 8749 11953 5727 5834 9414 14206 5316 8698 5116 8640 6525 12635 9819 14474 13333 8843 12080 5408 9082 9205 14170 10990 5915 8177 10640 9221 11637 10618 11067 7475 7569 8139 9550 6470 11843 14181 7795 8482 10567 6719 11291 13798 10056 7743 13704 7943 5664 11398 11612 10604 5803 5543 12193 12311 6469 14338 9796 7414 7975 5354 13660 11652 13166 5265 9225 12631 5611 10051 8647 13921 6196 14356 9145 14096 10089 12115 13318 12996 5846 8824 9961 8732 6312 12950 12229 10479 8069 10782 9223 11451 13975 8773 14293 14080 8258 8312 5858 5330 6244 10198 12645 13833 13565 13074 13583 6512 5686 13030 12041 6232 13189 12125 10786 11073 5030 11146 14284 5767 11519 10552 13081 11557 8836 11722 6524 14200 12788 12326 10557 7187 9927 5927 9201 5819 9861 7712 8166 10182 11389 12106 5207 8265 13101 9441 11059 5453 7760 6809 11302 9395 5636 11179 8030 13360 12442 7961 13610 12050 8267 10270 8633 8537 11726 6750 13962 9937 12065 11058 11401 10737 13217 7792 8686 11737 14135 12966 10956 10440 7277 11916 8845 5395 14390 8937 11710 11925 14041 6347 13772 13474 14021 12640 8684 13316 10869 10407 13666 12752 11262 11784 12396 11529 12539 8739 13843 6708 11407 13235 7102 8400 8797 5445 

9 1 37

15 7 20

8 20 37

3 15 50

20 1 24

16 24 49

11 17 38

5 8 29

1 9 34

23 11 10

25 3 21

19 18 45

22 8 37

19 20 26

15 16 24

13 14 15

12 8 38

20 1 20

1 9 23

20 17 38

16 13 48

14 24 27

10 16 11

5 13 12

17 15 16

14 15 24

17 6 35

20 9 32

8 5 22

11 21 11

11 5 19

23 24 12

24 5 11

10 1 42

10 9 25

10 3 29

8 21 50

1 13 35

1 23 38

22 1 20

20 6 18

13 7 40

18 23 30

15 11 25

16 23 19

6 7 41

19 22 44

20 16 22

20 13 22

21 5 18

4 15 31

14 8 12

2 13 32

24 18 25

17 19 31

12 13 49

5 20 27

14 6 44

22 23 48

24 8 48

19 25 29

14 19 37

21 10 21

10 14 41

9 21 39

1 18 24

19 2 43

4 21 39

16 24 22

22 20 16

21 4 28

9 14 17

14 17 37

6 18 17

8 25 48

4 24 10

14 8 32

17 6 40

1 6 49

8 17 23

10 25 11

9 20 30

1 8 28

21 20 41

21 20 37

14 21 49

2 10 10

7 16 30

4 19 12

11 1 14

6 7 29

19 2 17

19 22 10

2 12 11

24 11 11

20 5 39

2 23 35

15 11 12

10 7 45

13 16 35

5 9 45

1 2 10

6 10 17

17 20 14

19 8 14

5 24 30

17 11 45

24 4 19

16 22 22

5 8 50

10 18 28

19 14 50

14 11 22

14 3 33

5 18 16

15 4 48

19 21 15

11 6 17

15 2 12

18 12 43

23 20 37

12 5 36

7 10 17

23 25 34

21 11 50

10 12 11

18 15 50

8 2 29

13 1 32

9 17 23

21 7 36

1 6 19

18 6 12

10 15 35

24 10 16

16 17 18

6 1 17

1 17 34

9 3 30

21 18 38

23 5 16

10 3 25

16 17 48

15 13 39

20 12 26

15 4 16

12 24 47

23 9 46

22 8 30

19 4 50

8 10 19

12 9 13

7 15 14

4 13 13

23 1 34

11 24 34

3 19 15

21 14 41

14 19 20

25 14 11

5 18 41

14 20 11

3 19 29

18 9 18

12 5 24

19 11 11

15 18 24

25 9 29

19 17 38

7 25 16

22 20 45

10 15 12

7 20 29

16 22 44

13 2 35

16 24 29

24 25 11

14 12 18

17 9 37

21 8 21

3 18 46

21 8 11

22 20 44

22 18 37

22 23 49

12 15 13

20 17 15

7 2 43

16 20 23

23 25 13

25 22 25

5 16 16

21 20 19

24 19 40

15 7 45

21 10 31

14 2 26

12 5 21

18 15 23

17 18 11

2 13 49

8 17 25

14 18 39

12 8 27

7 11 19

15 4 37

15 17 11

20 1 31

19 20 15

11 22 32

23 15 50

1 17 38

7 18 13

9 17 36

10 13 25

24 11 20

7 2 34

7 1 47

18 17 39

7 1 39

8 22 13

15 2 50

3 6 37

24 15 46

1 18 31

22 5 32

3 1 26

2 15 46

12 6 19

18 5 11

3 19 10

11 1 35

7 20 38

9 17 19

16 15 25

15 6 26

15 13 29

8 9 33

19 2 48

22 8 28

13 14 41

15 25 25

11 2 28

11 9 18

17 6 20

13 6 30

11 19 39

22 13 50

1 5 10

5 24 37

12 6 38

1 14 26

23 21 17

21 10 33

22 9 13

5 20 49

23 3 10

16 7 21

11 25 41

8 19 29

5 2 13

25 4 45

9 10 14

21 8 26

6 9 24

8 13 17

10 11 36

6 25 17

17 6 31

2 13 42

17 4 22

15 5 19

3 7 45

5 8 18

18 8 37

14 23 11

3 20 24

6 14 49

21 22 16

2 9 31

21 11 26

1 10 49

18 11 37

17 12 32

25 21 35

23 3 33

15 14 45

22 19 20

1 11 44

21 22 47

21 10 18

23 17 37

23 19 20

17 14 34

15 6 32

15 17 42

23 2 48

19 25 22

25 18 20

19 21 38

20 5 14

5 12 11

24 19 29

2 11 32

10 20 28

17 19 43

14 8 10

2 5 22

1 19 12

2 12 21

3 23 21

14 18 19

20 11 44

7 5 10

15 5 38

24 3 43

20 13 45

13 7 35

17 9 20

22 12 10

20 14 28

8 22 14

10 23 28

23 24 18

3 18 42

8 23 43

10 13 46

21 20 48

11 10 39

4 15 23

21 5 26

16 6 31

4 21 13

16 7 21

10 7 44

18 1 17

5 11 25

1 6 27

22 17 18

22 16 38

2 1 37

22 3 46

10 22 40

1 24 25

11 20 48

25 7 42

8 16 14

22 10 26

10 21 41

18 23 44

23 17 34

16 6 23

13 8 45

21 19 50

11 9 30

20 10 45

6 13 34

11 18 37

23 17 29

6 24 12

10 2 48

15 3 11

11 1 39

2 7 22

19 13 27

3 19 35

7 13 33

1 21 25

18 24 12

4 9 46

16 4 36

22 2 16

6 5 31

24 13 50

6 14 18

18 2 24

4 21 11

24 25 13

17 18 38

19 2 29

15 16 15

4 2 39

7 1 30

8 24 48

17 20 18

10 22 21

3 2 16

2 17 40

9 11 27

24 16 40

6 17 44

10 20 41

23 24 50

16 4 42

12 19 44

1 6 23

5 9 26

20 2 25

1 5 47

13 19 13

3 15 29

13 23 31

5 13 36

4 3 38

8 22 38

16 25 23

7 1 41

11 19 33

4 14 14

16 13 42

1 6 41

16 3 42

24 23 13

7 20 15

20 2 21

5 1 21

4 5 34

13 10 22

4 13 20

17 22 29

5 24 43

22 1 38

24 21 47

12 1 27

14 13 36

20 16 20

25 24 50

10 22 16

19 11 10

21 22 46

1 17 19

17 11 21

8 21 28

24 20 23

6 5 20

25 22 34

6 22 49

11 10 40

2 18 11

7 6 15

9 23 35

9 23 40

16 14 46

25 24 42

16 2 10

4 14 36

7 3 37

10 18 10

5 23 19

22 23 35

10 17 14

8 1 27

4 6 47

20 14 38

5 2 13

20 10 27

9 5 42

23 1 10

17 7 36

13 6 26

25 4 12

24 25 28

7 20 21

12 3 41

6 25 34

3 6 29

7 10 42

16 18 41

10 23 22

21 20 26

7 9 35

9 17 37

18 11 30

17 11 33

21 19 41

2 9 27

18 11 25

16 24 24

2 11 10

6 3 10

11 6 25

12 16 18

22 15 42

1 17 50

12 20 42

2 16 17

10 7 33

17 16 31

4 22 38

4 11 12

4 10 26

4 17 20

25 4 44

9 23 24

7 22 21

19 12 15

25 10 48

1 20 27

9 7 17

22 13 34

