10

8 6 10 10 9 3 10 5 2 7 1 7 5 9 10 8 3 10 10 9 2 3 6 7 1 7 8 10 5 10 2 9 1 9 4 9 4 2 3 7 9 3 5 6 3 

1780 2464 2279 1974 1295 2030 1602 1372 1344 2265 1882 2380 2372 2525 1508 1637 2644 2394 2565 1807 2679 2096 1644 1847 1035 2018 2412 1977 2560 1125 1480 1888 1202 2472 2288 1278 2050 2114 1546 1179 1640 1508 1190 2045 2642 

7 3 27

6 9 31

5 1 17

8 2 37

10 5 29

4 8 34

1 7 22

8 9 37

4 5 12

4 6 35

7 1 20

10 6 45

5 9 24

2 3 22

9 7 22

6 2 31

2 4 16

6 9 45

9 6 14

6 8 24

10 4 23

3 10 18

2 4 26

7 3 19

1 3 39

4 8 36

9 10 42

4 10 21

9 3 21

2 6 25

9 1 49

1 4 27

1 6 18

8 3 22

5 1 42

1 9 28

5 1 21

10 5 49

1 3 26

6 5 46

1 10 33

7 8 13

8 4 12

9 1 14

3 10 10

4 9 14

7 2 34

4 3 20

4 2 15

6 2 16

10 5 25

3 9 11

3 7 35

1 8 19

6 4 26

9 4 50

4 3 49

9 7 50

8 3 20

1 5 19

1 3 22

5 6 29

1 8 11

4 10 47

6 9 44

6 1 29

3 5 43

6 4 44

9 7 48

9 8 44

3 10 12

2 4 36

1 4 35

5 4 20

8 4 30

3 2 11

9 7 39

8 6 11

3 10 30

8 1 15

4 8 24

2 10 19

4 5 50

1 7 13

9 10 21

8 1 18

3 8 27

8 2 13

8 9 38

8 5 31

3 6 10

1 7 14

8 4 42

10 8 50

5 6 49

7 4 19

9 3 12

7 2 26

8 6 36

1 7 33

