15

7 5 9 7 9 2 1 6 6 5 1 10 3 9 10 7 4 6 10 5 8 1 2 5 9 9 6 8 3 1 8 2 7 3 9 3 1 2 9 10 2 3 8 10 7 3 4 1 2 7 9 8 6 2 6 2 5 2 1 7 3 3 8 3 3 10 6 5 7 9 6 10 1 2 4 10 8 6 7 9 1 10 8 1 5 8 1 9 2 1 3 10 2 3 2 6 9 7 6 7 10 8 7 6 5 

5529 3306 5884 3009 2135 5139 4757 4728 2180 5885 4902 4305 3669 4337 4872 5268 3700 3203 5508 5225 3013 3265 2489 4198 4920 2958 3374 2090 2759 4013 3747 3642 2526 2021 5222 5496 3997 4076 4220 3359 4469 4093 4856 3767 2123 3996 3665 2569 5065 3615 2569 5015 5251 5976 5148 2204 5818 5616 4169 5666 3698 5596 3285 3946 2978 4096 4895 2364 4110 3789 3410 3460 3844 2618 4503 5142 2704 3200 2383 4221 2827 5726 4762 2727 5160 2081 2851 3295 5302 2845 5653 3918 5675 3858 5692 5500 4247 3303 5511 3866 2698 5503 2426 3308 3696 

5 8 22

5 10 35

1 4 40

7 14 11

10 5 29

12 11 38

3 6 39

14 11 35

10 13 19

13 1 10

3 15 27

2 9 23

5 3 30

7 9 24

1 11 32

4 7 38

4 14 47

10 4 11

13 9 36

9 15 11

2 9 26

7 11 22

8 10 32

13 14 15

3 7 32

1 2 41

2 10 10

6 8 27

1 5 14

11 9 24

13 15 18

2 1 17

14 4 31

6 5 24

2 7 17

13 2 38

10 1 19

13 11 47

11 5 37

12 14 38

2 12 50

4 11 37

9 13 50

10 12 48

8 9 17

3 12 35

15 9 34

9 1 21

12 9 30

2 6 22

9 3 10

9 11 35

4 7 34

14 13 10

13 4 41

8 3 48

3 11 45

14 5 37

1 9 37

4 2 16

2 7 45

6 3 36

2 12 32

11 8 14

8 10 35

7 15 30

14 5 20

4 12 44

5 13 46

2 4 44

11 8 28

5 15 48

14 8 34

5 7 40

2 15 29

14 11 12

12 7 47

11 9 24

10 8 45

7 8 29

11 15 45

3 7 16

3 12 35

7 3 26

15 10 30

14 5 35

12 7 19

14 15 41

12 10 10

14 6 25

9 12 17

8 6 28

7 10 11

11 13 25

9 14 36

1 4 38

4 15 38

7 4 42

9 15 24

13 11 16

5 8 45

6 12 43

5 11 13

1 15 40

4 6 20

2 6 23

11 1 40

6 2 26

9 8 19

2 15 23

4 11 17

2 14 41

1 6 46

5 15 37

3 5 49

6 12 48

10 5 50

4 8 36

11 8 25

11 2 24

13 14 26

13 6 10

11 8 38

8 5 36

1 9 35

15 14 36

10 9 17

11 7 27

2 13 32

14 5 40

10 2 29

11 1 36

2 15 39

14 6 47

8 9 46

2 13 45

15 7 31

10 15 31

11 10 16

3 8 25

3 5 12

2 4 34

13 3 32

4 7 13

14 12 29

6 14 21

6 2 34

14 10 35

2 14 16

5 8 32

6 10 43

12 13 10

2 9 44

3 2 44

8 3 11

9 5 45

3 11 25

13 12 47

1 14 31

6 11 28

12 14 33

11 10 35

13 15 24

15 6 20

10 2 32

11 2 22

9 10 27

2 8 27

11 5 21

3 1 46

3 10 10

9 3 34

3 14 31

10 9 31

2 8 13

8 2 29

14 4 26

1 5 29

9 6 49

4 11 29

15 13 26

14 12 49

8 2 29

12 11 46

1 14 23

14 6 48

6 8 35

8 7 46

10 6 10

5 6 15

9 12 32

10 12 21

4 7 31

10 3 17

7 10 42

6 5 36

3 13 37

9 1 40

8 6 46

12 5 43

