20

6 3 2 2 9 8 6 6 6 10 10 2 10 5 6 8 1 2 6 10 5 10 3 7 2 9 6 7 6 6 3 4 4 7 5 9 4 6 5 2 1 10 7 9 7 3 9 6 3 1 2 7 9 2 7 5 5 5 4 1 10 8 3 7 5 7 3 10 7 5 2 9 9 9 3 7 5 10 1 3 6 10 8 4 3 8 3 7 10 10 5 9 10 9 9 3 1 7 5 10 3 4 1 3 9 10 6 5 6 10 7 2 7 8 2 6 8 2 5 9 6 5 5 8 4 8 4 10 4 10 4 9 2 6 4 2 6 9 6 7 6 9 8 2 10 7 2 10 5 9 8 6 6 6 9 9 1 9 9 2 9 6 2 6 3 7 2 4 5 8 8 3 6 3 1 9 6 6 6 6 6 6 7 5 10 4 8 10 4 2 

6804 4727 2708 3931 5353 5445 6744 5400 3607 4636 6049 6471 6111 3120 6463 5834 4215 3627 2799 6832 6401 4909 4033 2669 2927 5088 4521 4939 5926 3892 6621 3079 3593 4092 6288 2500 6050 5358 4061 6603 6003 6599 5358 4171 7095 4672 6358 5070 4152 2853 6077 5083 6102 2720 3896 6092 4721 5023 5396 6164 3957 3287 6846 3361 4014 3759 6815 4869 3518 4392 3150 3511 5336 3569 2511 5122 5271 6341 3460 6654 3185 3567 7090 5984 3522 3376 5294 5206 4356 5132 4322 5703 6286 3064 4387 5022 5207 5647 6724 6793 3486 4687 6659 2794 7059 5227 6171 4176 4028 6875 4868 6886 5618 6995 3552 6156 6962 6654 4019 4660 5495 6920 2536 6123 5929 5509 4961 3866 2849 3670 5804 4655 3743 5990 4119 6012 3863 3113 5729 7029 5663 2621 6678 3646 5426 2780 5459 3165 3830 5251 4273 4383 3383 4572 3011 4678 4576 5960 7144 4948 4598 5387 5217 5901 4165 6072 3419 5946 6038 6815 6499 2946 5079 7242 4381 2526 5037 5472 6437 6552 4523 4786 3235 6014 6305 2735 3489 4630 6879 3619 

20 8 46

1 10 48

4 12 11

16 18 13

2 8 31

8 14 14

7 1 25

3 5 43

7 4 19

6 13 38

15 7 19

7 12 12

14 3 42

6 19 30

16 7 44

18 12 50

3 12 28

4 16 44

1 13 37

7 16 18

19 7 17

10 15 33

9 15 11

12 3 17

17 1 43

18 2 11

15 13 26

11 10 23

17 10 42

19 5 41

5 1 43

9 6 49

5 10 14

10 1 39

19 7 20

11 16 25

4 19 42

15 5 12

20 5 28

19 4 39

10 11 36

19 3 34

17 12 45

1 16 26

20 12 23

2 10 28

11 9 44

8 19 38

16 8 33

18 14 19

20 11 37

1 16 31

5 8 39

10 14 12

1 12 10

10 14 39

2 5 13

20 19 28

6 11 27

19 5 15

12 19 17

17 6 50

17 18 18

20 8 22

14 13 24

14 15 45

11 10 39

8 2 37

11 7 14

2 1 31

4 11 21

8 16 15

20 10 21

4 9 13

19 7 38

17 15 14

7 13 26

19 7 17

8 4 24

15 6 40

12 11 15

1 15 37

1 17 41

14 3 15

17 2 29

16 4 24

2 4 44

15 17 10

17 16 13

11 12 30

7 11 11

9 5 20

11 16 24

5 17 32

2 10 17

1 7 16

5 18 27

12 15 16

14 15 11

12 7 15

9 17 38

19 18 27

9 8 16

9 18 48

11 4 38

5 4 22

4 7 48

5 7 22

5 18 36

11 1 16

19 16 32

10 5 33

5 19 18

10 20 13

11 16 31

20 18 20

10 18 43

11 20 33

1 16 50

1 3 47

7 17 37

3 19 11

14 9 22

20 2 28

20 17 49

2 13 45

11 6 42

8 19 47

6 7 44

2 20 46

6 19 15

1 9 33

20 1 38

14 1 27

4 13 34

17 2 14

17 3 41

7 11 34

15 16 23

5 4 45

19 16 45

14 17 19

5 13 17

6 5 47

1 5 20

6 2 38

14 20 41

2 12 27

19 4 27

3 7 47

1 13 15

16 20 45

2 13 36

8 5 25

20 16 45

19 17 49

20 6 41

1 9 17

2 13 32

17 4 47

2 15 25

18 10 41

2 17 39

15 12 28

18 8 41

18 10 41

11 16 46

9 1 47

8 11 49

15 16 35

20 2 23

12 8 50

11 19 24

19 6 19

17 7 31

12 17 33

15 18 45

13 19 24

17 8 33

3 9 49

6 17 32

13 20 31

3 1 19

19 7 42

20 3 14

17 1 19

7 5 11

10 6 44

13 2 41

15 3 38

7 16 40

4 13 16

20 16 17

13 6 27

13 5 26

3 15 37

1 20 30

10 6 32

17 2 13

10 3 17

20 12 14

4 12 26

10 9 47

17 11 49

17 3 15

16 2 23

16 12 47

18 11 13

11 12 10

9 7 11

2 18 20

12 15 11

6 12 20

17 9 22

4 6 18

6 1 36

2 8 28

1 10 43

7 11 21

15 16 36

14 10 44

6 17 11

18 5 40

17 11 17

7 15 41

3 20 24

2 19 15

8 15 37

4 20 17

7 10 14

4 1 14

16 14 20

9 17 21

19 4 22

7 20 11

20 18 27

20 13 37

1 4 35

5 14 35

8 2 21

20 10 11

14 3 50

3 16 26

8 12 38

11 9 26

12 5 37

6 4 44

7 9 20

14 3 42

11 10 10

