25

1 7 1 2 10 10 1 10 6 8 6 5 6 6 10 2 3 5 6 6 9 6 4 4 5 5 5 9 4 10 1 4 10 4 4 8 9 1 8 8 6 3 10 1 9 10 2 8 3 6 9 4 10 3 4 9 10 10 7 2 7 7 3 6 3 7 7 7 8 2 8 6 10 8 1 10 9 7 9 4 10 3 9 6 3 4 10 4 9 10 6 3 9 7 10 6 7 7 10 2 10 6 10 6 4 4 2 9 6 6 2 1 2 3 4 7 10 9 3 8 8 3 2 2 1 5 9 5 1 5 1 3 2 3 1 5 1 5 4 5 2 4 8 3 1 3 5 3 5 6 6 10 6 1 3 6 10 3 8 10 10 10 1 10 8 2 10 9 4 4 1 8 8 2 9 4 2 6 4 9 6 7 9 8 8 6 4 7 6 3 7 8 8 6 7 4 7 3 6 3 6 8 10 2 8 5 10 3 7 3 6 5 5 7 4 5 7 1 1 5 10 3 6 3 10 8 10 6 7 5 8 6 9 1 5 5 10 1 1 10 2 1 2 9 1 3 10 8 1 2 6 4 4 9 10 9 1 7 7 5 10 4 10 2 6 7 6 9 4 1 8 1 3 4 8 2 8 1 1 9 6 5 2 2 2 9 9 2 5 5 9 2 7 6 1 5 3 9 1 2 

6872 13811 6319 11814 5578 12581 5703 8068 5056 8924 12160 8583 8999 14398 6275 7342 7032 13219 13744 13073 14252 5145 14302 10297 14514 14180 10712 12980 12073 12321 7673 6748 9909 7421 11932 9332 14684 14235 9120 7888 7612 8204 9871 6165 7792 12190 7626 14089 9460 7417 13205 7262 7565 11216 6695 14169 6586 5814 5517 14351 6048 14384 8584 11769 12401 12808 10461 13697 11012 8264 6084 7004 13923 8579 6196 10494 8693 9533 5972 14069 11180 10835 14495 12957 10421 5304 10718 7931 6921 9964 12332 10554 6594 12195 7561 5821 11359 8898 6341 13274 13988 11677 6545 11636 9158 6468 12967 11344 14870 11759 11632 13951 8419 5541 9671 7323 8896 7524 11465 10794 13866 9724 5051 14978 11276 5574 8925 6850 8968 14927 8217 11847 13163 9914 11041 11251 14234 14578 10268 14931 12765 9312 13383 6625 11375 9773 13245 11390 8147 8685 5521 12566 5613 8152 14388 8696 5198 9541 6675 9180 10804 7785 6059 11128 6737 7015 13127 8893 14646 14876 14183 12040 11243 13545 11521 7154 13677 6542 10552 13806 12181 11721 14646 5228 10297 12497 6857 9863 11403 11352 8793 10719 6538 11880 10786 5766 12594 8282 14307 14001 11811 14071 7037 8662 13246 5002 13415 11216 14346 14737 8621 7097 6131 5594 11948 7010 8575 10924 6280 5591 13767 10039 14048 12654 13161 11482 6380 10861 11816 5446 11468 7731 6902 11594 10143 9130 9938 14220 11563 6053 12264 12723 9547 6436 11038 11722 10574 8954 8721 11748 7771 6342 12406 8460 11306 11646 10682 5582 14512 11965 14716 14336 6810 10784 7187 10073 9042 11751 7362 5006 14151 13921 13129 14455 6352 10890 11119 12886 14885 13994 14207 5154 14236 12804 11576 7829 11337 14530 10356 5244 11653 7602 9359 5040 10278 13721 14868 8314 11251 6943 

3 5 36

3 6 10

23 15 42

2 14 20

22 12 23

8 6 18

3 1 31

10 16 20

20 7 45

18 12 22

20 17 30

16 17 29

5 24 34

20 8 45

25 12 30

4 12 17

23 13 16

6 18 37

18 17 47

13 19 22

24 12 41

10 19 18

13 17 22

5 18 38

15 16 21

2 1 46

14 10 15

18 23 30

14 10 48

15 19 33

25 2 48

2 15 14

23 25 30

6 9 50

9 21 10

24 20 16

5 1 12

17 23 30

17 10 40

9 16 46

23 3 45

23 1 38

9 3 42

16 4 32

11 21 13

3 16 41

19 8 24

7 17 37

13 18 42

3 18 20

4 1 24

2 4 19

22 25 37

7 21 42

4 11 22

3 17 50

12 15 44

20 3 43

4 23 22

13 19 44

18 11 47

2 5 43

20 18 17

1 6 28

3 6 43

25 14 32

7 14 44

17 9 11

12 19 13

15 16 28

16 25 31

9 12 44

4 3 32

19 1 27

20 6 29

10 25 19

25 10 16

9 21 31

1 9 28

17 11 22

21 2 43

6 4 36

4 7 50

7 22 21

17 7 31

16 20 31

12 16 30

5 16 25

20 19 35

22 23 22

17 12 10

16 20 39

11 14 32

22 13 21

18 4 50

20 17 36

12 2 43

9 2 50

17 21 25

14 12 32

7 6 28

21 6 45

23 11 47

19 18 33

1 17 25

24 25 19

15 5 42

10 2 26

6 11 14

9 10 14

11 12 35

16 6 26

3 2 41

17 24 34

15 19 48

9 14 18

5 23 16

15 9 45

17 21 42

24 19 25

3 2 37

12 23 14

2 7 40

4 18 22

24 15 22

18 14 36

15 4 47

2 22 46

20 7 31

21 25 43

23 9 12

9 22 45

17 9 47

14 9 10

15 11 30

4 12 42

20 19 48

13 23 49

18 17 32

20 7 32

20 16 38

3 24 38

12 4 22

12 21 45

5 14 33

11 8 25

8 9 37

13 7 30

3 11 49

5 18 49

12 24 46

15 10 29

20 23 39

10 13 11

13 18 50

8 2 16

13 8 41

4 5 23

20 10 26

19 24 36

20 25 12

19 4 35

2 13 15

22 19 43

14 12 14

22 16 33

25 11 30

22 18 14

7 25 13

22 2 11

6 3 21

2 19 32

23 12 44

6 21 47

23 8 43

10 5 49

25 2 13

20 1 16

20 16 33

15 4 16

4 2 49

3 17 45

25 6 27

10 17 16

24 14 46

13 21 16

25 21 11

5 3 46

1 21 32

11 21 25

25 10 14

25 2 38

10 25 29

21 20 45

17 18 46

11 19 38

12 13 14

14 3 33

7 4 15

5 24 48

13 3 22

2 7 47

20 8 20

14 10 11

10 17 30

3 10 45

6 12 41

16 6 48

21 8 16

11 2 47

20 13 12

2 22 42

20 2 20

24 15 23

3 13 13

7 19 16

23 9 46

18 2 28

10 9 10

16 3 23

19 25 30

22 25 46

12 17 33

9 7 47

15 18 39

11 15 27

6 15 45

1 22 32

23 19 23

2 4 12

7 6 32

13 24 42

22 17 46

1 25 32

17 19 11

25 20 44

11 19 24

8 22 33

19 18 44

6 23 16

22 23 37

14 19 14

13 18 27

3 11 10

15 19 46

8 3 12

12 8 24

3 12 30

24 18 10

21 12 16

20 12 35

19 2 27

24 18 18

21 7 21

1 6 10

5 18 47

24 11 19

7 15 15

20 9 45

24 10 33

12 16 44

24 9 23

12 22 21

17 13 20

15 17 37

16 13 25

21 2 48

15 1 45

10 25 35

20 15 25

8 21 35

5 14 32

22 15 31

2 13 38

24 4 36

19 20 34

13 21 44

23 12 14

1 5 33

23 21 27

2 15 22

24 22 14

23 5 37

13 14 11

19 21 49

21 20 36

22 9 25

4 23 34

10 8 16

17 16 14

20 24 17

12 18 29

16 9 12

13 3 16

16 14 10

21 23 25

14 24 33

8 13 27

3 18 24

16 24 21

14 7 30

5 25 20

10 13 40

11 16 22

9 14 22

6 2 27

3 2 18

3 5 25

3 2 46

15 22 48

7 9 10

11 20 10

21 6 12

23 9 33

2 13 45

15 8 13

19 21 44

1 2 44

12 6 40

19 13 36

4 11 21

8 25 29

13 6 25

24 11 27

18 17 22

17 9 33

13 3 48

6 7 37

15 4 22

15 19 22

16 23 26

18 2 18

22 24 43

5 7 33

6 11 44

13 19 40

19 1 20

17 10 21

3 2 11

5 23 27

16 23 33

4 17 14

4 18 42

13 19 26

21 6 45

17 8 36

19 13 45

9 24 18

12 9 34

20 25 50

7 17 26

8 25 30

17 19 43

13 8 39

12 21 14

10 13 42

22 2 10

2 25 13

12 20 21

22 12 46

24 11 29

1 12 26

4 19 11

9 14 10

23 10 17

18 20 16

6 17 48

21 22 36

16 10 44

23 22 19

20 3 49

17 19 43

2 3 41

13 24 24

22 18 10

3 13 47

23 15 25

21 14 47

25 8 50

14 4 22

10 15 30

10 8 34

13 25 21

14 1 19

15 12 25

5 10 34

19 2 40

8 16 41

24 11 23

8 23 41

17 10 21

22 8 33

14 5 44

3 4 28

5 1 28

8 4 43

23 14 46

25 23 44

16 2 45

5 3 36

24 23 28

4 10 42

15 21 35

15 3 45

17 23 45

23 9 27

13 23 18

20 22 36

18 2 34

24 22 31

24 25 45

13 7 12

10 8 45

14 15 13

18 15 21

12 3 14

13 22 39

24 25 37

25 12 13

25 9 35

10 7 18

13 20 29

2 11 30

1 19 22

21 25 23

18 1 25

20 24 10

22 1 33

4 14 41

1 16 33

10 16 15

14 8 32

12 9 26

1 7 21

16 6 15

9 16 36

23 14 39

4 20 38

13 5 19

7 2 24

12 14 42

7 21 49

12 8 37

11 13 12

18 12 20

22 19 23

20 3 14

3 9 19

14 12 27

19 9 26

21 20 34

23 2 31

6 1 11

13 5 34

24 1 17

5 23 13

12 25 26

16 8 14

19 23 31

7 20 38

13 1 42

21 1 20

3 13 45

5 11 47

25 17 31

20 1 47

1 19 37

20 9 37

18 20 12

9 12 49

4 1 31

25 24 25

1 22 47

14 13 45

9 23 18

5 17 49

15 18 31

23 20 39

9 19 50

16 1 35

18 21 23

6 2 43

22 11 20

2 23 48

25 13 12

15 17 50

3 11 17

4 8 22

11 15 15

6 20 23

2 9 25

8 9 18

4 5 32

13 24 25

2 20 28

13 25 15

15 3 14

10 25 31

24 23 17

5 9 48

